1.796796796796796825e-01,9.421964713324856348e+03,1.778636476918291016e+11,2.851269158124389160e+12
3.593593593593593649e-01,4.710970774094314947e+03,2.223295596134424591e+10,3.564060159397909546e+11
5.390390390390390474e-01,3.140634313192542322e+03,6.587542506892401695e+09,1.056004843219284515e+11
7.187187187187187298e-01,2.355462221853976644e+03,2.779119494899237633e+09,4.454943759252162170e+10
8.983983983983984123e-01,1.884355878319430303e+03,1.422909181176812649e+09,2.280880732473876572e+10
1.078078078078078095e+00,1.570282408664111927e+03,8.234428129583539963e+08,1.319918428796918106e+10
1.257757757757757666e+00,1.345942009773056043e+03,5.185529082209829688e+08,8.311757079752369881e+09
1.437437437437437460e+00,1.177684780084982322e+03,3.473899363247971535e+08,5.568022524942395210e+09
1.617117117117117253e+00,1.046816329840249182e+03,2.439830551736579537e+08,3.910436721913553715e+09
1.796796796796796825e+00,9.421200251800329397e+02,1.778636469750723243e+08,2.850575191806101799e+09
1.976476476476476396e+00,8.564580081914103857e+02,1.336315902647446543e+08,2.141568744111042500e+09
2.156156156156156189e+00,7.850717069299013247e+02,1.029303508133300990e+08,1.649459948640219688e+09
2.335835835835835983e+00,7.246667254316042772e+02,8.095750825874237716e+07,1.297265166859421730e+09
2.515515515515515332e+00,6.728899237201338792e+02,6.481911258670795709e+07,1.038594147525584459e+09
2.695195195195195126e+00,6.280156658107803196e+02,5.270033898151203245e+07,8.443552890072948933e+08
2.874874874874874919e+00,5.887497247131121867e+02,4.342374096521543711e+07,6.956742802631539106e+08
3.054554554554554713e+00,5.541023974326579946e+02,3.620265452961434424e+07,5.799410944829547405e+08
3.234234234234234506e+00,5.233039149720291334e+02,3.049788068683255464e+07,4.885125750909388661e+08
3.413913913913913856e+00,4.957465649632654277e+02,2.593142416507049650e+07,4.153296509833918214e+08
3.593593593593593649e+00,4.709441775104781414e+02,2.223295452749510854e+07,3.560591017162073851e+08
3.773273273273273443e+00,4.485031865060236669e+02,1.920566178028721735e+07,3.075462210328384638e+08
3.952952952952952792e+00,4.281015833149925243e+02,1.670394730416343361e+07,2.674572028665292561e+08
4.132632632632632586e+00,4.094733608028761296e+02,1.461852779036621749e+07,2.340403587995712757e+08
4.312312312312312379e+00,3.923968463563157911e+02,1.286629223816679604e+07,2.059635274625165462e+08
4.491991991991992172e+00,3.766858349788732880e+02,1.138327165947618894e+07,1.822013806782361567e+08
4.671671671671671966e+00,3.621827685954686444e+02,1.011968678424176760e+07,1.619560398602537513e+08
4.851351351351351759e+00,3.487534310669430511e+02,9.036407538383042440e+06,1.446003229646851718e+08
5.031031031031030665e+00,3.362827799872161449e+02,8.102387190601495095e+06,1.296366152064013630e+08
5.210710710710710458e+00,3.246716408672371017e+02,7.292779407218741253e+06,1.166666866172639877e+08
5.390390390390390252e+00,3.138340624821468055e+02,6.587540355278972536e+06,1.053692847685322613e+08
5.570070070070070045e+00,3.036951840867304213e+02,5.970379693423748016e+06,9.548332002251973748e+07
5.749749749749749839e+00,2.941895025279726497e+02,5.427965468529150821e+06,8.679512077009654045e+07
5.929429429429429632e+00,2.852594544280574951e+02,4.949315819797502831e+06,7.912868308529172838e+07
6.109109109109109426e+00,2.768542485703686111e+02,4.525329529323901050e+06,7.233814599788510799e+07
6.288788788788789219e+00,2.689288984478887983e+02,4.148420758678324521e+06,6.630193679030354321e+07
6.468468468468469013e+00,2.614434160535332126e+02,3.812232664176036138e+06,6.091818065398042649e+07
6.648148148148147918e+00,2.543621364071857442e+02,3.511411233561067842e+06,5.610107563896647096e+07
6.827827827827827711e+00,2.476531487363601514e+02,3.241425464107946027e+06,5.177801040888084471e+07
7.007507507507507505e+00,2.412878151675301410e+02,2.998423467587452382e+06,4.788725786300408840e+07
7.187187187187187298e+00,2.352403616137586368e+02,2.779116624512838200e+06,4.437611835384368151e+07
7.366866866866867092e+00,2.294875285324307015e+02,2.580685783479213249e+06,4.119941625810626894e+07
7.546546546546546885e+00,2.240082715747389841e+02,2.400704896160651930e+06,3.831827601609139889e+07
7.726226226226226679e+00,2.187835040050079840e+02,2.237078525006453972e+06,3.569912052888216078e+07
7.905905905905905584e+00,2.137958742446562894e+02,2.087990451638296247e+06,3.331284748124501854e+07
8.085585585585585378e+00,2.090295730769636293e+02,1.951861215971144615e+06,3.113414880808347091e+07
8.265265265265265171e+00,2.044701659990422797e+02,1.827312877348409267e+06,2.914094591601936892e+07
8.444944944944944965e+00,2.001044469756845672e+02,1.713139644646114437e+06,2.731391897264595702e+07
8.624624624624624758e+00,1.959203104739791854e+02,1.608283298197225435e+06,2.563611299834076688e+07
8.804304304304304551e+00,1.919066391671583460e+02,1.511812541641260497e+06,2.409260694581560418e+07
8.983983983983984345e+00,1.880532051139832959e+02,1.422905590670943260e+06,2.267023465931839123e+07
9.163663663663664138e+00,1.843505825640843625e+02,1.340835438822198194e+06,2.135734874002429843e+07
9.343343343343343932e+00,1.807900708242232497e+02,1.264957346010312904e+06,2.014362003608571365e+07
9.523023023023023725e+00,1.773636258566767765e+02,1.194698179585820064e+06,1.901986682334588468e+07
9.702702702702703519e+00,1.740637994778000461e+02,1.129547304952589795e+06,1.797790882094207779e+07
9.882382382382383312e+00,1.708836851894737379e+02,1.069048776855425444e+06,1.701044205259713903e+07
1.006206206206206133e+01,1.678168698143246900e+02,1.012794626082778443e+06,1.611093126384800300e+07
1.024174174174174112e+01,1.648573902219761180e+02,9.604190716977551347e+05,1.527351717233910412e+07
1.042142142142142092e+01,1.619996945318925441e+02,9.115935176883952226e+05,1.449293628956365399e+07
1.060110110110110071e+01,1.592386072616981494e+02,8.660222164332432440e+05,1.376445142917540669e+07
1.078078078078078050e+01,1.565692979606632775e+02,8.234385006472747773e+05,1.308379132583712786e+07
1.096046046046046030e+01,1.539872529284215830e+02,7.836015013254245277e+05,1.244709804264812730e+07
1.114014014014014009e+01,1.514882496705859580e+02,7.462932822869212832e+05,1.185088105493196845e+07
1.131981981981981988e+01,1.490683337871624587e+02,7.113163327615963062e+05,1.129197707187223993e+07
1.149949949949949968e+01,1.467237980276757128e+02,6.784913684641497675e+05,1.076751480180967227e+07
1.167917917917917947e+01,1.444511632796672700e+02,6.476553991071224445e+05,1.027488398729580455e+07
1.185885885885885926e+01,1.422471612855123340e+02,6.186600265765512595e+05,9.811708136541606858e+06
1.203853853853853906e+01,1.401087189069841372e+02,5.913699432532156352e+05,9.375820462185531855e+06
1.221821821821821885e+01,1.380329437782392574e+02,5.656616043833117001e+05,8.965242609160177410e+06
1.239789789789789864e+01,1.360171112063692931e+02,5.414220521289097378e+05,8.578165813161563128e+06
1.257757757757757844e+01,1.340586521947623453e+02,5.185478720779715804e+05,8.212934181700538844e+06
1.275725725725725823e+01,1.321551424785750726e+02,4.969442656621638453e+05,7.868029832482573576e+06
1.293693693693693803e+01,1.303042924739151545e+02,4.765242241972300690e+05,7.542059660186959431e+06
1.311661661661661604e+01,1.285039380531183326e+02,4.572077921904305695e+05,7.233743533643654548e+06
1.329629629629629584e+01,1.267520320679761170e+02,4.389214092063771677e+05,6.941903751798547804e+06
1.347597597597597563e+01,1.250466365511051094e+02,4.215973209911531885e+05,6.665455609431939200e+06
1.365565565565565542e+01,1.233859155329979131e+02,4.051730517620108440e+05,6.403398942945046350e+06
1.383533533533533522e+01,1.217681284187841300e+02,3.895909306071313331e+05,6.154810543151481077e+06
1.401501501501501501e+01,1.201916238744713183e+02,3.747976658327575424e+05,5.918837336318885908e+06
1.419469469469469480e+01,1.186548341775222468e+02,3.607439618651100318e+05,5.694690247047426179e+06
1.437437437437437460e+01,1.171562699911386716e+02,3.473841739800471114e+05,5.481638667237717658e+06
1.455405405405405439e+01,1.156945155256352820e+02,3.346759967097355984e+05,5.279005464636282995e+06
1.473373373373373418e+01,1.142682240538593845e+02,3.225801822755384492e+05,5.086162472458434291e+06
1.491341341341341398e+01,1.128761137507972450e+02,3.110602858308343566e+05,4.902526408551542088e+06
1.509309309309309377e+01,1.115169638303511732e+02,3.000824346757550957e+05,4.727555178623443469e+06
1.527277277277277356e+01,1.101896109548150804e+02,2.896151189357538242e+05,4.560744523347913288e+06
1.545245245245245336e+01,1.088929458948512803e+02,2.796290014841207885e+05,4.401624973777389154e+06
1.563213213213213315e+01,1.076259104198140477e+02,2.700967451407634653e+05,4.249759083534681238e+06
1.581181181181181117e+01,1.063874944000963865e+02,2.609928554006001505e+05,4.104738909797282424e+06
1.599149149149149096e+01,1.051767331048243648e+02,2.522935371389418433e+05,3.966183718197024427e+06
1.617117117117117076e+01,1.039927046797049286e+02,2.439765639118152612e+05,3.833737889491247013e+06
1.635085085085085055e+01,1.028345277911697622e+02,2.360211586193699914e+05,3.707069008268244565e+06
1.653053053053053034e+01,1.017013594241616374e+02,2.284078844329381827e+05,3.585866116071802098e+06
1.671021021021021014e+01,1.005923928219992973e+02,2.211185450032501831e+05,3.469838113203301560e+06
1.688988988988988993e+01,9.950685555774015256e+01,2.141360930707124062e+05,3.358712295116800349e+06
1.706956956956956972e+01,9.844400772735174598e+01,2.074445466901994369e+05,3.252233010789375287e+06
1.724924924924924952e+01,9.740314025581001545e+01,2.010289123639945465e+05,3.150160431749789976e+06
1.742892892892892931e+01,9.638357330797481382e+01,1.948751144485688419e+05,3.052269421603141353e+06
1.760860860860860910e+01,9.538465479675905101e+01,1.889699302649543388e+05,2.958348496915630065e+06
1.778828828828828890e+01,9.440575898171148594e+01,1.833009303994746588e+05,2.868198871237061918e+06
1.796796796796796869e+01,9.344628515168493266e+01,1.778564237324072747e+05,2.781633574852759484e+06
1.814764764764764848e+01,9.250565638576135541e+01,1.726254067774764262e+05,2.698476643582825549e+06
1.832732732732732828e+01,9.158331838706408234e+01,1.675975169555628672e+05,2.618562370595362503e+06
1.850700700700700807e+01,9.067873838450319113e+01,1.627629894622262509e+05,2.541734615780428983e+06
1.868668668668668786e+01,8.979140409788163879e+01,1.581126174210457248e+05,2.467846167750778608e+06
1.886636636636636766e+01,8.892082276213817238e+01,1.536377150438385434e+05,2.396758154000902083e+06
1.904604604604604745e+01,8.806652020682204807e+01,1.493300835448800935e+05,2.328339495173516683e+06
1.922572572572572724e+01,8.722803998718558205e+01,1.451819795796592953e+05,2.262466399757676292e+06
1.940540540540540704e+01,8.640494256354963909e+01,1.411860859997515799e+05,2.199021895879915915e+06
1.958508508508508683e+01,8.559680452584152022e+01,1.373354847343369911e+05,2.137895397153376136e+06
1.976476476476476662e+01,8.480321786043084842e+01,1.336236316259563027e+05,2.078982299823215464e+06
1.994444444444444642e+01,8.402378925659591857e+01,1.300443330634902813e+05,2.022183608693266753e+06
2.012412412412412266e+01,8.325813945014361650e+01,1.265917242692401487e+05,1.967405589541423367e+06
2.030380380380380245e+01,8.250590260188131708e+01,1.232602491095382575e+05,1.914559445932325441e+06
2.048348348348348225e+01,8.176672570880100466e+01,1.200446413096748001e+05,1.863561018517856486e+06
2.066316316316316204e+01,8.104026804598397860e+01,1.169399069641954993e+05,1.814330505080472212e+06
2.084284284284284183e+01,8.032620063737269334e+01,1.139413082429417991e+05,1.766792199723614613e+06
2.102252252252252163e+01,7.962420575368240350e+01,1.110443482016423077e+05,1.720874249748654198e+06
2.120220220220220142e+01,7.893397643584285106e+01,1.082447566135296947e+05,1.676508428880573250e+06
2.138188188188188121e+01,7.825521604246796414e+01,1.055384767454142420e+05,1.633629925616055029e+06
2.156156156156156101e+01,7.758763781995217812e+01,1.029216530079740041e+05,1.592177145569034154e+06
2.174124124124124080e+01,7.693096449388423252e+01,1.003906194157776772e+05,1.552091526780954329e+06
2.192092092092092059e+01,7.628492788055538654e+01,9.794188879779825220e+04,1.513317367046956904e+06
2.210060060060060039e+01,7.564926851741844871e+01,9.557214270395220956e+04,1.475801662385737291e+06
2.228028028028028018e+01,7.502373531142782781e+01,9.327822195755604480e+04,1.439493955850591883e+06
2.245995995995995997e+01,7.440808520425923689e+01,9.105711780756870576e+04,1.404346195942887804e+06
2.263963963963963977e+01,7.380208285347131891e+01,8.890596363811905030e+04,1.370312603947331430e+06
2.281931931931931956e+01,7.320550032873057944e+01,8.682202719613928639e+04,1.337349549561625114e+06
2.299899899899899935e+01,7.261811682227562414e+01,8.480270330096049292e+04,1.305415434241707204e+06
2.317867867867867915e+01,7.203971837284829860e+01,8.284550700250754016e+04,1.274470581728332909e+06
2.335835835835835894e+01,7.147009760236642251e+01,8.094806715727635310e+04,1.244477135261510033e+06
2.353803803803803874e+01,7.090905346465729053e+01,7.910812039361135976e+04,1.215398961026709294e+06
2.371771771771771853e+01,7.035639100561242287e+01,7.732350543994213513e+04,1.187201557411066256e+06
2.389739739739739832e+01,6.981192113416237532e+01,7.559215779160341481e+04,1.159851969679247122e+06
2.407707707707707812e+01,6.927546040350640055e+01,7.391210469366867619e+04,1.133318709707609145e+06
2.425675675675675791e+01,6.874683080206523300e+01,7.228146041888676700e+04,1.107571680441822391e+06
2.443643643643643770e+01,6.822585955365653376e+01,7.069842182133623282e+04,1.082582104767579585e+06
2.461611611611611750e+01,6.771237892642190559e+01,6.916126414781830681e+04,1.058322458506516647e+06
2.479579579579579729e+01,6.720622605006111883e+01,6.766833709030144382e+04,1.034766407270177500e+06
2.497547547547547708e+01,6.670724274095586281e+01,6.621806106392263609e+04,1.011888746923937812e+06
2.515515515515515688e+01,6.621527533478798944e+01,6.480892369614951895e+04,9.896653474304033443e+05
2.533483483483483667e+01,6.573017452628037915e+01,6.343947651372116525e+04,9.680730998580383603e+05
2.551451451451451646e+01,6.525179521570940722e+01,6.210833181492067524e+04,9.470898663557514083e+05
2.569419419419419626e+01,6.477999636185735710e+01,6.081415971559760510e+04,9.266944329080171883e+05
2.587387387387387605e+01,6.431464084109192925e+01,5.955568535815653013e+04,9.068664646978999954e+05
2.605355355355355229e+01,6.385559531227679031e+01,5.833168627346652647e+04,8.875864639171657618e+05
2.623323323323323208e+01,6.340273008723383441e+01,5.714098988633001136e+04,8.688357298736165976e+05
2.641291291291291188e+01,6.295591900649274208e+01,5.598247115578180819e+04,8.505963212559148669e+05
2.659259259259259167e+01,6.251503932007759801e+01,5.485505034207447170e+04,8.328510204255252611e+05
2.677227227227227146e+01,6.207997157309413438e+01,5.375769089274973521e+04,8.155832996141172480e+05
2.695195195195195126e+01,6.165059949589342381e+01,5.268939744069862354e+04,7.987772889128195820e+05
2.713163163163163105e+01,6.122680989860003109e+01,5.164921390757974586e+04,7.824177459471889306e+05
2.731131131131131085e+01,6.080849256980336293e+01,5.063622170639861724e+04,7.664900271387011744e+05
2.749099099099099064e+01,6.039554017922205986e+01,4.964953803745370533e+04,7.509800604600192746e+05
2.767067067067067043e+01,5.998784818416058329e+01,4.868831427222774073e+04,7.358743195972632384e+05
2.785035035035035023e+01,5.958531473958688451e+01,4.775173442015129694e+04,7.211597994380826131e+05
2.803003003003003002e+01,5.918784061166861221e+01,4.683901367348811618e+04,7.068239928095054347e+05
2.820970970970970981e+01,5.879532909461365620e+01,4.594939702589266381e+04,6.928548683943388751e+05
2.838938938938938961e+01,5.840768593066867709e+01,4.508215796046989271e+04,6.792408497593944194e+05
2.856906906906906940e+01,5.802481923313648338e+01,4.423659720342814398e+04,6.659707954329652712e+05
2.874874874874874919e+01,5.764663941228034361e+01,4.341204153965867590e+04,6.530339799728842918e+05
2.892842842842842899e+01,5.727305910398958133e+01,4.260784268680161040e+04,6.404200759701053612e+05
2.910810810810810878e+01,5.690399310108716691e+01,4.182337622456921235e+04,6.281191369361289544e+05
2.928778778778778857e+01,5.653935828716595324e+01,4.105804057629450108e+04,6.161215810257584089e+05
2.946746746746746837e+01,5.617907357284536118e+01,4.031125603985632915e+04,6.044181755495897960e+05
2.964714714714714816e+01,5.582305983434622476e+01,3.958246386530427117e+04,5.930000222334105056e+05
2.982682682682682795e+01,5.547123985428560644e+01,3.887112537666699063e+04,5.818585431842345279e+05
3.000650650650650775e+01,5.512353826459888495e+01,3.817672113557653211e+04,5.709854675250953296e+05
3.018618618618618754e+01,5.477988149150034047e+01,3.749875014448260481e+04,5.603728186629749835e+05
3.036586586586586733e+01,5.444019770239765421e+01,3.683672908736047975e+04,5.500129021563293645e+05
3.054554554554554713e+01,5.410441675468022993e+01,3.619019160593966080e+04,5.398982941506392090e+05
3.072522522522522692e+01,5.377247014630417965e+01,3.555868760959419160e+04,5.300218303522473434e+05
3.090490490490490672e+01,5.344429096810131341e+01,3.494178261714436667e+04,5.203765955124704633e+05
3.108458458458458651e+01,5.311981385774198117e+01,3.433905712891858275e+04,5.109559133955739671e+05
3.126426426426426630e+01,5.279897495528548035e+01,3.375010602751972328e+04,5.017533372057185043e+05
3.144394394394394610e+01,5.248171186025442125e+01,3.317453800582782424e+04,4.927626404493888258e+05
3.162362362362362234e+01,5.216796359017251916e+01,3.261197502085473752e+04,4.839778082111575641e+05
3.180330330330330213e+01,5.185767054050779734e+01,3.206205177214328069e+04,4.753930288218710921e+05
3.198298298298298192e+01,5.155077444596603442e+01,3.152441520347698679e+04,4.670026858995135408e+05
3.216266266266266172e+01,5.124721834308175517e+01,3.099872402673537727e+04,4.588013507441135589e+05
3.234234234234234151e+01,5.094694653405601059e+01,3.048464826679283578e+04,4.507837750690673129e+05
3.252202202202202130e+01,5.064990455179302131e+01,2.998186882642144337e+04,4.429448840522473329e+05
3.270170170170170110e+01,5.035603912608942068e+01,2.949007707021326132e+04,4.352797696911462699e+05
3.288138138138138089e+01,5.006529815093205116e+01,2.900897442659231456e+04,4.277836844471888617e+05
3.306106106106106068e+01,4.977763065286213617e+01,2.853827200703603739e+04,4.204520351651281817e+05
3.324074074074074048e+01,4.949298676036544009e+01,2.807769024167353564e+04,4.132803772542107617e+05
3.342042042042042027e+01,4.921131767424996895e+01,2.762695853047263881e+04,4.062644091185060097e+05
3.360010010010010006e+01,4.893257563897389417e+01,2.718581490926932020e+04,3.993999668244614732e+05
3.377977977977977986e+01,4.865671391488876907e+01,2.675400572993281457e+04,3.926830189943825826e+05
3.395945945945945965e+01,4.838368675136379693e+01,2.633128535399703833e+04,3.861096619151306804e+05
3.413913913913913944e+01,4.811344936075880696e+01,2.591741585912345909e+04,3.796761148518864647e+05
3.431881881881881924e+01,4.784595789321482329e+01,2.551216675779438447e+04,3.733787155573674827e+05
3.449849849849849903e+01,4.758116941223249796e+01,2.511531472766598381e+04,3.672139159673715476e+05
3.467817817817817883e+01,4.731904187100970915e+01,2.472664335304037377e+04,3.611782780740045127e+05
3.485785785785785862e+01,4.705953408951094730e+01,2.434594287694362356e+04,3.552684699683797662e+05
3.503753753753753841e+01,4.680260573224236254e+01,2.397300996332249269e+04,3.494812620450066752e+05
3.521721721721721821e+01,4.654821728670706449e+01,2.360764746889786693e+04,3.438135233604734531e+05
3.539689689689689800e+01,4.629633004251662953e+01,2.324966422423583208e+04,3.382622181394090876e+05
3.557657657657657779e+01,4.604690607113566614e+01,2.289887482361964430e+04,3.328244024210568168e+05
3.575625625625625759e+01,4.579990820623697800e+01,2.255509942332634091e+04,3.274972208401267417e+05
3.593593593593593738e+01,4.555530002464617922e+01,2.221816354793203573e+04,3.222779035359148984e+05
3.611561561561561717e+01,4.531304582785502078e+01,2.188789790428784545e+04,3.171637631839640089e+05
3.629529529529529697e+01,4.507311062408390967e+01,2.156413820282664165e+04,3.121521921448345529e+05
3.647497497497497676e+01,4.483546011087457828e+01,2.124672498587704104e+04,3.072406597248118487e+05
3.665465465465465655e+01,4.460006065819469967e+01,2.093550346267719578e+04,3.024267095436347881e+05
3.683433433433433635e+01,4.436687929203704073e+01,2.063032335079547556e+04,2.977079570045637083e+05
3.701401401401401614e+01,4.413588367849627048e+01,2.033103872367968142e+04,2.930820868623362621e+05
3.719369369369369593e+01,4.390704210830735121e+01,2.003750786406949555e+04,2.885468508847729536e+05
3.737337337337337573e+01,4.368032348182991598e+01,1.974959312301976024e+04,2.841000656039962778e+05
3.755305305305305552e+01,4.345569729446367546e+01,1.946716078429413392e+04,2.797396101534184418e+05
3.773273273273273531e+01,4.323313362248062219e+01,1.919008093389997157e+04,2.754634241868380341e+05
3.791241241241241511e+01,4.301260310926000585e+01,1.891822733454634363e+04,2.712695058761573164e+05
3.809209209209209490e+01,4.279407695191294891e+01,1.865147730481702820e+04,2.671559099843942677e+05
3.827177177177177470e+01,4.257752688828379917e+01,1.838971160286024315e+04,2.631207460108207306e+05
3.845145145145145449e+01,4.236292518431596932e+01,1.813281431440611414e+04,2.591621764052057697e+05
3.863113113113113428e+01,4.215024462177029818e+01,1.788067274493143123e+04,2.552784148482804885e+05
3.881081081081081408e+01,4.193945848628461448e+01,1.763317731579984684e+04,2.514677245956785628e+05
3.899049049049049387e+01,4.173054055576344012e+01,1.739022146421326033e+04,2.477284168827272078e+05
3.917017017017017366e+01,4.152346508908721034e+01,1.715170154681787608e+04,2.440588493875855347e+05
3.934984984984985346e+01,4.131820681513087834e+01,1.691751674681530858e+04,2.404574247503439547e+05
3.952952952952953325e+01,4.111474092208198527e+01,1.668756898443621685e+04,2.369225891458017577e+05
3.970920920920921304e+01,4.091304304704870987e+01,1.646176283063983647e+04,2.334528309077439771e+05
3.988888888888889284e+01,4.071308926594884525e+01,1.624000542390954433e+04,2.300466792026398180e+05
4.006856856856857263e+01,4.051485608367075031e+01,1.602220639001984455e+04,2.267027027507732564e+05
4.024824824824824532e+01,4.031832042449791942e+01,1.580827776465602255e+04,2.234195085929073684e+05
4.042792792792792511e+01,4.012345962278877920e+01,1.559813391877279173e+04,2.201957409006665694e+05
4.060760760760760490e+01,3.993025141390408805e+01,1.539169148658352970e+04,2.170300798289054073e+05
4.078728728728728470e+01,3.973867392537398047e+01,1.518886929607596539e+04,2.139212404083991423e+05
4.096696696696696449e+01,3.954870566829756484e+01,1.498958830195530209e+04,2.108679714772748703e+05
4.114664664664664429e+01,3.936032552896780601e+01,1.479377152091967218e+04,2.078690546496644965e+05
4.132632632632632408e+01,3.917351276071487121e+01,1.460134396917700906e+04,2.049233033201256767e+05
4.150600600600600387e+01,3.898824697596141675e+01,1.441223260211654087e+04,2.020295617024459061e+05
4.168568568568568367e+01,3.880450813848325708e+01,1.422636625605154040e+04,1.991867039014970651e+05
4.186536536536536346e+01,3.862227655586933395e+01,1.404367559195367721e+04,1.963936330168683780e+05
4.204504504504504325e+01,3.844153287217510240e+01,1.386409304110284938e+04,1.936492802770626149e+05
4.222472472472472305e+01,3.826225806076337932e+01,1.368755275257924950e+04,1.909526042030837561e+05
4.240440440440440284e+01,3.808443341732728271e+01,1.351399054252784845e+04,1.883025898003035691e+05
4.258408408408408263e+01,3.790804055308976217e+01,1.334334384512820725e+04,1.856982477775338630e+05
4.276376376376376243e+01,3.773306138817459043e+01,1.317555166520543935e+04,1.831386137922794442e+05
4.294344344344344222e+01,3.755947814514372851e+01,1.301055453242075419e+04,1.806227477211902442e+05
4.312312312312312201e+01,3.738727334269635350e+01,1.284829445698261952e+04,1.781497329547681438e+05
4.330280280280280181e+01,3.721642978952463920e+01,1.268871488682194104e+04,1.757186757154279912e+05
4.348248248248248160e+01,3.704693057832194114e+01,1.253176066617715333e+04,1.733287043980461312e+05
4.366216216216216139e+01,3.687875907993890934e+01,1.237737799553704463e+04,1.709789689321638725e+05
4.384184184184184119e+01,3.671189893768330847e+01,1.222551439289162045e+04,1.686686401650543266e+05
4.402152152152152098e+01,3.654633406175943122e+01,1.207611865624300299e+04,1.663969092648828810e+05
4.420120120120120077e+01,3.638204862384309024e+01,1.192914082733060786e+04,1.641629871432338259e+05
4.438088088088088057e+01,3.621902705178848692e+01,1.178453215652632207e+04,1.619661038962937891e+05
4.456056056056056036e+01,3.605725402446305594e+01,1.164224506885764276e+04,1.598055082640228211e+05
4.474024024024024015e+01,3.589671446670678989e+01,1.150223313111800417e+04,1.576804671066605079e+05
4.491991991991991995e+01,3.573739354441253369e+01,1.136445102002529165e+04,1.555902648979455698e+05
4.509959959959959974e+01,3.557927665972393783e+01,1.122885449139129378e+04,1.535342032344541512e+05
4.527927927927927954e+01,3.542234944634765981e+01,1.109540035026590158e+04,1.515116003604783909e+05
4.545895895895895933e+01,3.526659776497676546e+01,1.096404642202169998e+04,1.495217907078979479e+05
4.563863863863863912e+01,3.511200769882231043e+01,1.083475152434562915e+04,1.475641244505119103e+05
4.581831831831831892e+01,3.495856554924992565e+01,1.070747544010593083e+04,1.456379670723232848e+05
4.599799799799799871e+01,3.480625783151877073e+01,1.058217889106366965e+04,1.437426989492878201e+05
4.617767767767767850e+01,3.465507127061995618e+01,1.045882351239936361e+04,1.418777149440539943e+05
4.635735735735735830e+01,3.450499279721169188e+01,1.033737182802645293e+04,1.400424240132459381e+05
4.653703703703703809e+01,3.435600954364865345e+01,1.021778722666430804e+04,1.382362488268513989e+05
4.671671671671671788e+01,3.420810884010295894e+01,1.010003393864462669e+04,1.364586253992983839e+05
4.689639639639639768e+01,3.406127821077430440e+01,9.984077013426012854e+03,1.347090027318184730e+05
4.707607607607607747e+01,3.391550537018689226e+01,9.869882297792528334e+03,1.329868424657096621e+05
4.725575575575575726e+01,3.377077821957089299e+01,9.757416414712824917e+03,1.312916185461262357e+05
4.743543543543543706e+01,3.362708484332605963e+01,9.646646742837563579e+03,1.296228168960392795e+05
4.761511511511511685e+01,3.348441350556544194e+01,9.537541396613363759e+03,1.279799351000214519e+05
4.779479479479479664e+01,3.334275264673711092e+01,9.430069206992588079e+03,1.263624820975250186e+05
4.797447447447447644e+01,3.320209088032171252e+01,9.324199702718988192e+03,1.247699778853351017e+05
4.815415415415415623e+01,3.306241698960405273e+01,9.219903092169837691e+03,1.232019532288888586e+05
4.833383383383383602e+01,3.292371992451656126e+01,9.117150245736134821e+03,1.216579493821660581e+05
4.851351351351351582e+01,3.278598879855305626e+01,9.015912678722845158e+03,1.201375178158651252e+05
4.869319319319319561e+01,3.264921288575071401e+01,8.916162534752165811e+03,1.186402199535911786e+05
4.887287287287287540e+01,3.251338161773863789e+01,8.817872569653045502e+03,1.171656269157902716e+05
4.905255255255255520e+01,3.237848458085136372e+01,8.721016135821142598e+03,1.157133192711759912e+05
4.923223223223223499e+01,3.224451151330546850e+01,8.625567167033699661e+03,1.142828867954026937e+05
4.941191191191191479e+01,3.211145230243783999e+01,8.531500163704600709e+03,1.128739282367484702e+05
4.959159159159159458e+01,3.197929698200399429e+01,8.438790178565246606e+03,1.114860510885798722e+05
4.977127127127127437e+01,3.184803572953485684e+01,8.347412802757480677e+03,1.101188713683787500e+05
4.995095095095095417e+01,3.171765886375065691e+01,8.257344152325294999e+03,1.087720134031190973e+05
5.013063063063063396e+01,3.158815684203035801e+01,8.168560855092438942e+03,1.074451096207890660e+05
5.031031031031031375e+01,3.145952025793539164e+01,8.081040037913671767e+03,1.061378003478620813e+05
5.048998998998999355e+01,3.133173983878621627e+01,7.994759314287623965e+03,1.048497336125255824e+05
5.066966966966967334e+01,3.120480644329045461e+01,7.909696772319831325e+03,1.035805649534852273e+05
5.084934934934935313e+01,3.107871105922130894e+01,7.825830963024851371e+03,1.023299572341668245e+05
5.102902902902903293e+01,3.095344480114501451e+01,7.743140888956711024e+03,1.010975804621455463e+05
5.120870870870871272e+01,3.082899890819617994e+01,7.661605993157384546e+03,9.988311161363784049e+04
5.138838838838839251e+01,3.070536474189972509e+01,7.581206148413338269e+03,9.868623446289678395e+04
5.156806806806807231e+01,3.058253378403842149e+01,7.501921646810470520e+03,9.750663941635737137e+04
5.174774774774775210e+01,3.046049763456480974e+01,7.423733189578199017e+03,9.634402335138374474e+04
5.192742742742742479e+01,3.033924800955649204e+01,7.346621877213717198e+03,9.519808945947577013e+04
5.210710710710710458e+01,3.021877673921370544e+01,7.270569199877711071e+03,9.406854709379549604e+04
5.228678678678678438e+01,3.009907576589822753e+01,7.195557028053238355e+03,9.295511162088169658e+04
5.246646646646646417e+01,2.998013714221251647e+01,7.121567603459620841e+03,9.185750427642263821e+04
5.264614614614614396e+01,2.986195302911822580e+01,7.048583530213604718e+03,9.077545202496318961e+04
5.282582582582582376e+01,2.974451569409310636e+01,6.976587766230175475e+03,8.970868742342542100e+04
5.300550550550550355e+01,2.962781750932538216e+01,6.905563614855809647e+03,8.865694848832715070e+04
5.318518518518518334e+01,2.951185094994474412e+01,6.835494716727076593e+03,8.761997856658612727e+04
5.336486486486486314e+01,2.939660859228905565e+01,6.766365041847794600e+03,8.659752620980095526e+04
5.354454454454454293e+01,2.928208311220600280e+01,6.698158881878188367e+03,8.558934505190464552e+04
5.372422422422422272e+01,2.916826728338875441e+01,6.630860842629625040e+03,8.459519369008838839e+04
5.390390390390390252e+01,2.905515397574496106e+01,6.564455836758857913e+03,8.361483556889879401e+04
5.408358358358358231e+01,2.894273615379825770e+01,6.498929076655776953e+03,8.264803886741296446e+04
5.426326326326326210e+01,2.883100687512149563e+01,6.434266067518956334e+03,8.169457638940059405e+04
5.444294294294294190e+01,2.871995928880102511e+01,6.370452600613382856e+03,8.075422545638325391e+04
5.462262262262262169e+01,2.860958663393128987e+01,6.307474746705094731e+03,7.982676780350717308e+04
5.480230230230230148e+01,2.849988223813899424e+01,6.245318849667377435e+03,7.891198947814446001e+04
5.498198198198198128e+01,2.839083951613627832e+01,6.183971520253648123e+03,7.800968074114437331e+04
5.516166166166166107e+01,2.828245196830208030e+01,6.123419630032025452e+03,7.711963597065600334e+04
5.534134134134134086e+01,2.817471317929121355e+01,6.063650305476958238e+03,7.624165356844793132e+04
5.552102102102102066e+01,2.806761681667041231e+01,6.004650922213313606e+03,7.537553586865169927e+04
5.570070070070070045e+01,2.796115662958075632e+01,5.946409099408538168e+03,7.452108904885964876e+04
5.588038038038038025e+01,2.785532644742595565e+01,5.888912694308587561e+03,7.367812304350799241e+04
5.606006006006006004e+01,2.775012017858579938e+01,5.832149796913528917e+03,7.284645145948034769e+04
5.623973973973973983e+01,2.764553180915430985e+01,5.776108724788782638e+03,7.202589149386720965e+04
5.641941941941941963e+01,2.754155540170198790e+01,5.720778018008152685e+03,7.121626385382024455e+04
5.659909909909909942e+01,2.743818509406163386e+01,5.666146434224852783e+03,7.041739267844076676e+04
5.677877877877877921e+01,2.733541509813720793e+01,5.612202943866959686e+03,6.962910546264580626e+04
5.695845845845845901e+01,2.723323969873529649e+01,5.558936725453699182e+03,6.885123298295453424e+04
5.713813813813813880e+01,2.713165325241851278e+01,5.506337161029210620e+03,6.808360922514124832e+04
5.731781781781781859e+01,2.703065018638057637e+01,5.454393831710452105e+03,6.732607131370239949e+04
5.749749749749749839e+01,2.693022499734243169e+01,5.403096513346074062e+03,6.657845944308662729e+04
5.767717717717717818e+01,2.683037225046896879e+01,5.352435172283127940e+03,6.584061681063818105e+04
5.785685685685685797e+01,2.673108657830600521e+01,5.302399961238638753e+03,6.511238955120629544e+04
5.803653653653653777e+01,2.663236267973693927e+01,5.252981215273102862e+03,6.439362667337388120e+04
5.821621621621621756e+01,2.653419531895876204e+01,5.204169447863097048e+03,6.368417999726072594e+04
5.839589589589589735e+01,2.643657932447697334e+01,5.155955347070270363e+03,6.298390409385750536e+04
5.857557557557557715e+01,2.633950958811896825e+01,5.108329771804054872e+03,6.229265622584857920e+04
5.875525525525525694e+01,2.624298106406556741e+01,5.061283748175532310e+03,6.161029628988258628e+04
5.893493493493493673e+01,2.614698876790020776e+01,5.014808465939947382e+03,6.093668676025085733e+04
5.911461461461461653e+01,2.605152777567552036e+01,4.968895275025484807e+03,6.027169263393589790e+04
5.929429429429429632e+01,2.595659322299687588e+01,4.923535682145906321e+03,5.961518137699145154e+04
5.947397397397397611e+01,2.586218030412246804e+01,4.878721347494854854e+03,5.896702287221953156e+04
5.965365365365365591e+01,2.576828427107980346e+01,4.834444081519533938e+03,5.832708936810759042e+04
5.983333333333333570e+01,2.567490043279791934e+01,4.790695841771673258e+03,5.769525542899311404e+04
6.001301301301301550e+01,2.558202415425538945e+01,4.747468729833718498e+03,5.707139788642205531e+04
6.019269269269269529e+01,2.548965085564342559e+01,4.704754988318162759e+03,5.645539579166896874e+04
6.037237237237237508e+01,2.539777601154402120e+01,4.662546997938159620e+03,5.584713036938820005e+04
6.055205205205205488e+01,2.530639515012267182e+01,4.620837274647411505e+03,5.524648497236515686e+04
6.073173173173173467e+01,2.521550385233546621e+01,4.579618466847608033e+03,5.465334503733940801e+04
6.091141141141141446e+01,2.512509775115017163e+01,4.538883352661536264e+03,5.406759804187047848e+04
6.109109109109109426e+01,2.503517253078107885e+01,4.498624837270172975e+03,5.348913346221877146e+04
6.127077077077077405e+01,2.494572392593735088e+01,4.458835950312069144e+03,5.291784273221531475e+04
6.145045045045045384e+01,2.485674772108445296e+01,4.419509843343384091e+03,5.235361920309365814e+04
6.163013013013013364e+01,2.476823974971862086e+01,4.380639787356995839e+03,5.179635810425955424e+04
6.180980980980981343e+01,2.468019589365391298e+01,4.342219170359126110e+03,5.124595650497300085e+04
6.198948948948949322e+01,2.459261208232165075e+01,4.304241495002007468e+03,5.070231327691937622e+04
6.216916916916917302e+01,2.450548429208206613e+01,4.266700376271121058e+03,5.016532905764658790e+04
6.234884884884885281e+01,2.441880854554779390e+01,4.229589539225601584e+03,4.963490621484551230e+04
6.252852852852853260e+01,2.433258091091905229e+01,4.192902816790445286e+03,4.911094881145216641e+04
6.270820820820821240e+01,2.424679750133023504e+01,4.156634147599160315e+03,4.859336257155012572e+04
6.288788788788789219e+01,2.416145447420774062e+01,4.120777573885617130e+03,4.808205484705322306e+04
6.306756756756757198e+01,2.407654803063874027e+01,4.085327239423777883e+03,4.757693458514763915e+04
6.324724724724724467e+01,2.399207441475069302e+01,4.050277387514146540e+03,4.707791229647497676e+04
6.342692692692692447e+01,2.390802991310147263e+01,4.015622359015695110e+03,4.658490002403648396e+04
6.360660660660660426e+01,2.382441085407975834e+01,3.981356590422165482e+03,4.609781131280094996e+04
6.378628628628628405e+01,2.374121360731557928e+01,3.947474611981570433e+03,4.561656117999763228e+04
6.396596596596596385e+01,2.365843458310082781e+01,3.913971045857875197e+03,4.514106608607778617e+04
6.414564564564564364e+01,2.357607023181947525e+01,3.880840604333708598e+03,4.467124390632702125e+04
6.432532532532532343e+01,2.349411704338732321e+01,3.848078088053164720e+03,4.420701390311292198e+04
6.450500500500500323e+01,2.341257154670115881e+01,3.815678384303638268e+03,4.374829669875148829e+04
6.468468468468468302e+01,2.333143030909706184e+01,3.783636465335722278e+03,4.329501424897713878e+04
6.486436436436436281e+01,2.325068993581771437e+01,3.751947386720256873e+03,4.284708981700128061e+04
6.504404404404404261e+01,2.317034706948855671e+01,3.720606285741574993e+03,4.240444794814472698e+04
6.522372372372372240e+01,2.309039838960257995e+01,3.689608379826048349e+03,4.196701444502963568e+04
6.540340340340340219e+01,2.301084061201361664e+01,3.658948965005110040e+03,4.153471634331750829e+04
6.558308308308308199e+01,2.293167048843796252e+01,3.628623414411828890e+03,4.110748188797929470e+04
6.576276276276276178e+01,2.285288480596416605e+01,3.598627176810290166e+03,4.068524051008487731e+04
6.594244244244244157e+01,2.277448038657083629e+01,3.568955775156926393e+03,4.026792280409912928e+04
6.612212212212212137e+01,2.269645408665228459e+01,3.539604805193040193e+03,3.985546050567200291e+04
6.630180180180180116e+01,2.261880279655192538e+01,3.510569934067768827e+03,3.944778646991078131e+04
6.648148148148148096e+01,2.254152344010321229e+01,3.481846898990733735e+03,3.904483465012279339e+04
6.666116116116116075e+01,2.246461297417796743e+01,3.453431505913663841e+03,3.864654007701689261e+04
6.684084084084084054e+01,2.238806838824208256e+01,3.425319628240294151e+03,3.825283883835298184e+04
6.702052052052052034e+01,2.231188670391825468e+01,3.397507205563868411e+03,3.786366805902838678e+04
6.720020020020020013e+01,2.223606497455583408e+01,3.369990242431563729e+03,3.747896588159105158e+04
6.737987987987987992e+01,2.216060028480749722e+01,3.342764807135205047e+03,3.709867144716867188e+04
6.755955955955955972e+01,2.208548975021266969e+01,3.315827030527656007e+03,3.672272487680461927e+04
6.773923923923923951e+01,2.201073051678763193e+01,3.289173104864224570e+03,3.635106725318986719e+04
6.791891891891891930e+01,2.193631976062206235e+01,3.262799282668572687e+03,3.598364060278285615e+04
6.809859859859859910e+01,2.186225468748199674e+01,3.236701875622446096e+03,3.562038787830665387e+04
6.827827827827827889e+01,2.178853253241909371e+01,3.210877253478767670e+03,3.526125294161569036e+04
6.845795795795795868e+01,2.171515055938596817e+01,3.185321842997458134e+03,3.490618054692246369e+04
6.863763763763763848e+01,2.164210606085763899e+01,3.160032126903495282e+03,3.455511632437619119e+04
6.881731731731731827e+01,2.156939635745886363e+01,3.135004642866684662e+03,3.420800676398510404e+04
6.899699699699699806e+01,2.149701879759734169e+01,3.110235982502626484e+03,3.386479919987416361e+04
6.917667667667667786e+01,2.142497075710255316e+01,3.085722790394377171e+03,3.352544179487037036e+04
6.935635635635635765e+01,2.135324963887028460e+01,3.061461763134354442e+03,3.318988352540825144e+04
6.953603603603603744e+01,2.128185287251264057e+01,3.037449648385981618e+03,3.285807416674781416e+04
6.971571571571571724e+01,2.121077791401346246e+01,3.013683243964625035e+03,3.252996427849784959e+04
6.989539539539539703e+01,2.114002224538904429e+01,2.990159396937408474e+03,3.220550519043753229e+04
7.007507507507507682e+01,2.106958337435410655e+01,2.966875002741413482e+03,3.188464898862928021e+04
7.025475475475475662e+01,2.099945883399285407e+01,2.943827004319896332e+03,3.156734850181639558e+04
7.043443443443443641e+01,2.092964618243509634e+01,2.921012391276079597e+03,3.125355728809876382e+04
7.061411411411411621e+01,2.086014300253730980e+01,2.898428199044133635e+03,3.094322962188040037e+04
7.079379379379379600e+01,2.079094690156852110e+01,2.876071508076932787e+03,3.063632048108233357e+04
7.097347347347347579e+01,2.072205551090100428e+01,2.853939443050236150e+03,3.033278553461519914e+04
7.115315315315315559e+01,2.065346648570564270e+01,2.832029172082893638e+03,3.003258113010533270e+04
7.133283283283283538e+01,2.058517750465189522e+01,2.810337905972731733e+03,2.973566428186864505e+04
7.151251251251251517e+01,2.051718626961227088e+01,2.788862897447752403e+03,2.944199265912676492e+04
7.169219219219219497e+01,2.044949050537129054e+01,2.767601440432323216e+03,2.915152457446003973e+04
7.187187187187187476e+01,2.038208795933874740e+01,2.746550869327984401e+03,2.886421897249181711e+04
7.205155155155155455e+01,2.031497640126731952e+01,2.725708558308586362e+03,2.858003541879904515e+04
7.223123123123123435e+01,2.024815362297435328e+01,2.705071920629412034e+03,2.829893408904408352e+04
7.241091091091091414e+01,2.018161743806779640e+01,2.684638407949978046e+03,2.802087575832255243e+04
7.259059059059059393e+01,2.011536568167623429e+01,2.664405509670212268e+03,2.774582179072284998e+04
7.277027027027027373e+01,2.004939621018284868e+01,2.644370752279716271e+03,2.747373412909212129e+04
7.294994994994995352e+01,1.998370690096340496e+01,2.624531698719814813e+03,2.720457528500458284e+04
7.312962962962963331e+01,1.991829565212801256e+01,2.604885947758110888e+03,2.693830832892723993e+04
7.330930930930931311e+01,1.985316038226673641e+01,2.585431133375283480e+03,2.667489688057915555e+04
7.348898898898899290e+01,1.978829903019891745e+01,2.566164924163835622e+03,2.641430509947947212e+04
7.366866866866867269e+01,1.972370955472616671e+01,2.547085022738557200e+03,2.615649767568055540e+04
7.384834834834835249e+01,1.965938993438895110e+01,2.528189165158432843e+03,2.590143982068178957e+04
7.402802802802803228e+01,1.959533816722673905e+01,2.509475120359741595e+03,2.564909725852027987e+04
7.420770770770771207e+01,1.953155227054163490e+01,2.490940689600114638e+03,2.539943621703467215e+04
7.438738738738739187e+01,1.946803028066540264e+01,2.472583705913315043e+03,2.515242341929804388e+04
7.456706706706707166e+01,1.940477025272990375e+01,2.454402033574485813e+03,2.490802607521645041e+04
7.474674674674675146e+01,1.934177026044080350e+01,2.436393567575677025e+03,2.466621187328954693e+04
7.492642642642643125e+01,1.927902839585455297e+01,2.418556233111398342e+03,2.442694897252960072e+04
7.510610610610611104e+01,1.921654276915857551e+01,2.400887985073991786e+03,2.419020599453547766e+04
7.528578578578579084e+01,1.915431150845458319e+01,2.383386807558627879e+03,2.395595201571864163e+04
7.546546546546547063e+01,1.909233275954500186e+01,2.366050713377688226e+03,2.372415655967732164e+04
7.564514514514515042e+01,1.903060468572241959e+01,2.348877743584380369e+03,2.349478958971629618e+04
7.582482482482483022e+01,1.896912546756205131e+01,2.331865967005335278e+03,2.326782150150859161e+04
7.600450450450451001e+01,1.890789330271714164e+01,2.315013479782038758e+03,2.304322311589653327e+04
7.618418418418418980e+01,1.884690640571723463e+01,2.298318404920893954e+03,2.282096567182898798e+04
7.636386386386386960e+01,1.878616300776932135e+01,2.281778891851725348e+03,2.260102081943189478e+04
7.654354354354354939e+01,1.872566135656177266e+01,2.265393115994563232e+03,2.238336061320935187e+04
7.672322322322322918e+01,1.866539971607104675e+01,2.249159278334515875e+03,2.216795750537236017e+04
7.690290290290290898e+01,1.860537636637104342e+01,2.233075605004578392e+03,2.195478433929282619e+04
7.708258258258258877e+01,1.854558960344521523e+01,2.217140346876194144e+03,2.174381434307975724e+04
7.726226226226226856e+01,1.848603773900121894e+01,2.201351779157422243e+03,2.153502112327551367e+04
7.744194194194194836e+01,1.842671910028818871e+01,2.185708200998547454e+03,2.132837865866940774e+04
7.762162162162162815e+01,1.836763202991653543e+01,2.170207935104965600e+03,2.112386129422609883e+04
7.780130130130130794e+01,1.830877488568023992e+01,2.154849327357213951e+03,2.092144373512665334e+04
7.798098098098098774e+01,1.825014604038159050e+01,2.139630746437992912e+03,2.072110104091974790e+04
7.816066066066066753e+01,1.819174388165836831e+01,2.124550583466012085e+03,2.052280861978069515e+04
7.834034034034034732e+01,1.813356681181337393e+01,2.109607251636566161e+03,2.032654222287633092e+04
7.852002002002002712e+01,1.807561324764631649e+01,2.094799185868650511e+03,2.013227793883320919e+04
7.869969969969970691e+01,1.801788162028799789e+01,2.080124842458524199e+03,1.993999218830727477e+04
7.887937937937938671e+01,1.796037037503674583e+01,2.065582698739558055e+03,1.974966171865279466e+04
7.905905905905906650e+01,1.790307797119711353e+01,2.051171252748265488e+03,1.956126359868852160e+04
7.923873873873874629e+01,1.784600288192072881e+01,2.036889022896370989e+03,1.937477521355917270e+04
7.941841841841842609e+01,1.778914359404933876e+01,2.022734547648799435e+03,1.919017425969015312e+04
7.959809809809810588e+01,1.773249860795994692e+01,2.008706385207470021e+03,1.900743873983380399e+04
7.977777777777778567e+01,1.767606643741208217e+01,1.994803113200772941e+03,1.882654695820510824e+04
7.995745745745746547e+01,1.761984560939706768e+01,1.981023328378615815e+03,1.864747751570522814e+04
8.013713713713714526e+01,1.756383466398938253e+01,1.967365646312928220e+03,1.847020930523099014e+04
8.031681681681682505e+01,1.750803215419995951e+01,1.953828701103515186e+03,1.829472150706865432e+04
8.049649649649649064e+01,1.745243664583149723e+01,1.940411145089147567e+03,1.812099358437015690e+04
8.067617617617617043e+01,1.739704671733563757e+01,1.927111648563784684e+03,1.794900527871022859e+04
8.085585585585585022e+01,1.734186095967212893e+01,1.913928899497850125e+03,1.777873660572302106e+04
8.103553553553553002e+01,1.728687797616979793e+01,1.900861603264415635e+03,1.761016785081611670e+04
8.121521521521520981e+01,1.723209638238939334e+01,1.887908482370230786e+03,1.744327956496078696e+04
8.139489489489488960e+01,1.717751480598822411e+01,1.875068276191498626e+03,1.727805256055697828e+04
8.157457457457456940e+01,1.712313188658662710e+01,1.862339740714281788e+03,1.711446790737129049e+04
8.175425425425424919e+01,1.706894627563613653e+01,1.849721648279478813e+03,1.695250692854671433e+04
8.193393393393392898e+01,1.701495663628942623e+01,1.837212787332251310e+03,1.679215119668266198e+04
8.211361361361360878e+01,1.696116164327196429e+01,1.824811962175832377e+03,1.663338252998380995e+04
8.229329329329328857e+01,1.690755998275530914e+01,1.812517992729628531e+03,1.647618298847655024e+04
8.247297297297296836e+01,1.685415035223209301e+01,1.800329714291527125e+03,1.632053487029164899e+04
8.265265265265264816e+01,1.680093146039262209e+01,1.788245977304321968e+03,1.616642070801169939e+04
8.283233233233232795e+01,1.674790202700309294e+01,1.776265647126188924e+03,1.601382326508233200e+04
8.301201201201200774e+01,1.669506078278535810e+01,1.764387603805131675e+03,1.586272553228580182e+04
8.319169169169168754e+01,1.664240646929829381e+01,1.752610741857301491e+03,1.571311072427567524e+04
8.337137137137136733e+01,1.658993783882065998e+01,1.740933970049147092e+03,1.556496227617160912e+04
8.355105105105104712e+01,1.653765365423548772e+01,1.729356211183292316e+03,1.541826384021288504e+04
8.373073073073072692e+01,1.648555268891596981e+01,1.717876401888086548e+03,1.527299928246966010e+04
8.391041041041040671e+01,1.643363372661277566e+01,1.706493492410752197e+03,1.512915267961079735e+04
8.409009009009008651e+01,1.638189556134284786e+01,1.695206446414056018e+03,1.498670831572713359e+04
8.426976976976976630e+01,1.633033699727959132e+01,1.684014240776449924e+03,1.484565067920926776e+04
8.444944944944944609e+01,1.627895684864449422e+01,1.672915865395594437e+03,1.470596445967860382e+04
8.462912912912912589e+01,1.622775393960009893e+01,1.661910322995222714e+03,1.456763454497079874e+04
8.480880880880880568e+01,1.617672710414433723e+01,1.650996628935262152e+03,1.443064601817056791e+04
8.498848848848848547e+01,1.612587518600621905e+01,1.640173811025166060e+03,1.429498415469685096e+04
8.516816816816816527e+01,1.607519703854282866e+01,1.629440909340389226e+03,1.416063441943740872e+04
8.534784784784784506e+01,1.602469152463762825e+01,1.618796976041938706e+03,1.402758246393181253e+04
8.552752752752752485e+01,1.597435751660002623e+01,1.608241075198965518e+03,1.389581412360213471e+04
8.570720720720720465e+01,1.592419389606621927e+01,1.597772282614309688e+03,1.376531541503013432e+04
8.588688688688688444e+01,1.587419955390128656e+01,1.587389685652971821e+03,1.363607253328035404e+04
8.606656656656656423e+01,1.582437339010248323e+01,1.577092383073432302e+03,1.350807184926802256e+04
8.624624624624624403e+01,1.577471431370377175e+01,1.566879484861783112e+03,1.338129990717110377e+04
8.642592592592592382e+01,1.572522124268151167e+01,1.556750112068609951e+03,1.325574342188557785e+04
8.660560560560560361e+01,1.567589310386135182e+01,1.546703396648572834e+03,1.313138927652306847e+04
8.678528528528528341e+01,1.562672883282624170e+01,1.536738481302643549e+03,1.300822451995025222e+04
8.696496496496496320e+01,1.557772737382563122e+01,1.526854519322940632e+03,1.288623636436901870e+04
8.714464464464464299e+01,1.552888767968574157e+01,1.517050674440119565e+03,1.276541218293678139e+04
8.732432432432432279e+01,1.548020871172097124e+01,1.507326120673267951e+03,1.264573950742613124e+04
8.750400400400400258e+01,1.543168943964639084e+01,1.497680042182266561e+03,1.252720602592316027e+04
8.768368368368368237e+01,1.538332884149129853e+01,1.488111633122556896e+03,1.240979958056363648e+04
8.786336336336336217e+01,1.533512590351384475e+01,1.478620097502287308e+03,1.229350816530644079e+04
8.804304304304304196e+01,1.528707962011670674e+01,1.469204649041781749e+03,1.217831992374353649e+04
8.822272272272272176e+01,1.523918899376377034e+01,1.459864511035294299e+03,1.206422314694576016e+04
8.840240240240240155e+01,1.519145303489785270e+01,1.450598916215007193e+03,1.195120627134384813e+04
8.858208208208208134e+01,1.514387076185940195e+01,1.441407106617229601e+03,1.183925787664400923e+04
8.876176176176176114e+01,1.509644120080620233e+01,1.432288333450762821e+03,1.172836668377743808e+04
8.894144144144144093e+01,1.504916338563403144e+01,1.423241856967381864e+03,1.161852155288311042e+04
8.912112112112112072e+01,1.500203635789830159e+01,1.414266946334404338e+03,1.150971148132327107e+04
8.930080080080080052e+01,1.495505916673660707e+01,1.405362879509307959e+03,1.140192560173108359e+04
8.948048048048048031e+01,1.490823086879224135e+01,1.396528943116355322e+03,1.129515318008974828e+04
8.966016016016016010e+01,1.486155052813861666e+01,1.387764432325193411e+03,1.118938361384261407e+04
8.983983983983983990e+01,1.481501721620458412e+01,1.379068650731391017e+03,1.108460643003366204e+04
9.001951951951951969e+01,1.476863001170065459e+01,1.370440910238878132e+03,1.098081128347783851e+04
9.019919919919919948e+01,1.472238800054608987e+01,1.361880530944258908e+03,1.087798795496072853e+04
9.037887887887887928e+01,1.467629027579687850e+01,1.353386841022954741e+03,1.077612634946697654e+04
9.055855855855855907e+01,1.463033593757454831e+01,1.344959176617155890e+03,1.067521649443700881e+04
9.073823823823823886e+01,1.458452409299584041e+01,1.336596881725540925e+03,1.057524853805151361e+04
9.091791791791791866e+01,1.453885385610320569e+01,1.328299308094735579e+03,1.047621274754314254e+04
9.109759759759759845e+01,1.449332434779611489e+01,1.320065815112485097e+03,1.037809950753510748e+04
9.127727727727727824e+01,1.444793469576320355e+01,1.311895769702500047e+03,1.028089931840596364e+04
9.145695695695695804e+01,1.440268403441518075e+01,1.303788546220953776e+03,1.018460279468032059e+04
9.163663663663663783e+01,1.435757150481856748e+01,1.295743526354598316e+03,1.008920066344488259e+04
9.181631631631631763e+01,1.431259625463015439e+01,1.287760099020474627e+03,9.994683762789454704e+03
9.199599599599599742e+01,1.426775743803229624e+01,1.279837660267181946e+03,9.901043040272432336e+03
9.217567567567567721e+01,1.422305421566889549e+01,1.271975613177690548e+03,9.808269551410385247e+03
9.235535535535535701e+01,1.417848575458218008e+01,1.264173367773654036e+03,9.716354458191215599e+03
9.253503503503503680e+01,1.413405122815018444e+01,1.256430340921213656e+03,9.625289027610617268e+03
9.271471471471471659e+01,1.408974981602496968e+01,1.248745956238256213e+03,9.535064630231321644e+03
9.289439439439439639e+01,1.404558070407156123e+01,1.241119644003101030e+03,9.445672738764735186e+03
9.307407407407407618e+01,1.400154308430759720e+01,1.233550841064600490e+03,9.357104926674712260e+03
9.325375375375375597e+01,1.395763615484363918e+01,1.226038990753617782e+03,9.269352866802826611e+03
9.343343343343343577e+01,1.391385911982422030e+01,1.218583542795865696e+03,9.182408330015048705e+03
9.361311311311311556e+01,1.387021118936952035e+01,1.211183953226080348e+03,9.096263183869248678e+03
9.379279279279279535e+01,1.382669157951776384e+01,1.203839684303507511e+03,9.010909391303255688e+03
9.397247247247247515e+01,1.378329951216822380e+01,1.196550204428679763e+03,8.926339009343151702e+03
9.415215215215215494e+01,1.374003421502490774e+01,1.189314988061460099e+03,8.842544187831324962e+03
9.433183183183183473e+01,1.369689492154087951e+01,1.182133515640330188e+03,8.759517168174066683e+03
9.451151151151151453e+01,1.365388087086321001e+01,1.175005273502908494e+03,8.677250282108358078e+03
9.469119119119119432e+01,1.361099130777856026e+01,1.167929753807665975e+03,8.595735950487422087e+03
9.487087087087087411e+01,1.356822548265937556e+01,1.160906454456830716e+03,8.514966682084841523e+03
9.505055055055055391e+01,1.352558265141068894e+01,1.153934879020451262e+03,8.434935072416848925e+03
9.523023023023023370e+01,1.348306207541752144e+01,1.147014536661606826e+03,8.355633802582524368e+03
9.540990990990991349e+01,1.344066302149288461e+01,1.140144942062742757e+03,8.277055638121564698e+03
9.558958958958959329e+01,1.339838476182636384e+01,1.133325615353103331e+03,8.199193427889280429e+03
9.576926926926927308e+01,1.335622657393327550e+01,1.126556082037264105e+03,8.122040102948707499e+03
9.594894894894895288e+01,1.331418774060438714e+01,1.119835872924721116e+03,8.045588675479301855e+03
9.612862862862863267e+01,1.327226754985622570e+01,1.113164524060535314e+03,7.969832237702116799e+03
9.630830830830831246e+01,1.323046529488190259e+01,1.106541576657010864e+03,7.894763960821103865e+03
9.648798798798799226e+01,1.318878027400252151e+01,1.099966577026386176e+03,7.820377093980284371e+03
9.666766766766767205e+01,1.314721179061910838e+01,1.093439076514528097e+03,7.746664963236571566e+03
9.684734734734735184e+01,1.310575915316506723e+01,1.086958631435599273e+03,7.673620970547843172e+03
9.702702702702703164e+01,1.306442167505918484e+01,1.080524803007701166e+03,7.601238592776197947e+03
9.720670670670671143e+01,1.302319867465914882e+01,1.074137157289460220e+03,7.529511380705985175e+03
9.738638638638639122e+01,1.298208947521554535e+01,1.067795265117551253e+03,7.458432958076465184e+03
9.756606606606607102e+01,1.294109340482642345e+01,1.061498702045134678e+03,7.387997020628770770e+03
9.774574574574575081e+01,1.290020979639230170e+01,1.055247048281203206e+03,7.318197335167008532e+03
9.792542542542543060e+01,1.285943798757170420e+01,1.049039888630811902e+03,7.249027738633233639e+03
9.810510510510511040e+01,1.281877732073717269e+01,1.042876812436183400e+03,7.180482137196040640e+03
9.828478478478479019e+01,1.277822714293174755e+01,1.036757413518673502e+03,7.112554505352595697e+03
9.846446446446446998e+01,1.273778680582594980e+01,1.030681290121580332e+03,7.045238885043868322e+03
9.864414414414414978e+01,1.269745566567520001e+01,1.024648044853786359e+03,6.978529384782819761e+03
9.882382382382382957e+01,1.265723308327773111e+01,1.018657284634217035e+03,6.912420178795381617e+03
9.900350350350350936e+01,1.261711842393293104e+01,1.012708620637105128e+03,6.846905506173977301e+03
9.918318318318318916e+01,1.257711105740015256e+01,1.006801668238045522e+03,6.781979670043393526e+03
9.936286286286286895e+01,1.253721035785796190e+01,1.000936046960827980e+03,6.717637036738816278e+03
9.954254254254254874e+01,1.249741570386383493e+01,9.951113804250385328e+02,6.653872034995803006e+03
9.972222222222222854e+01,1.245772647831426383e+01,9.893272962944104165e+02,6.590679155152005478e+03
9.990190190190190833e+01,1.241814206840532897e+01,9.835834262259203342e+02,6.528052948360485971e+03
1.000815815815815881e+02,1.237866186559366533e+01,9.778794058196099286e+02,6.465988025814374851e+03
1.002612612612612679e+02,1.233928526555785155e+01,9.722148745691293925e+02,6.404479057982751328e+03
1.004409409409409477e+02,1.230001166816021652e+01,9.665894758129848015e+02,6.343520773857528184e+03
1.006206206206206275e+02,1.226084047740905980e+01,9.610028566864774575e+02,6.283107960211141290e+03
1.008003003003003073e+02,1.222177110142126111e+01,9.554546680743330853e+02,6.223235460864963898e+03
1.009799799799799871e+02,1.218280295238529298e+01,9.499445645639983695e+02,6.163898175968127362e+03
1.011596596596596669e+02,1.214393544652461898e+01,9.444722043996024468e+02,6.105091061286744662e+03
1.013393393393393467e+02,1.210516800406149862e+01,9.390372494365681177e+02,6.046809127503215677e+03
1.015190190190190265e+02,1.206650004918114938e+01,9.336393650968644806e+02,5.989047439525565096e+03
1.016986986986987063e+02,1.202793100999631193e+01,9.282782203248922315e+02,5.931801115806618327e+03
1.018783783783783861e+02,1.198946031851216176e+01,9.229534875439863981e+02,5.875065327672816238e+03
1.020580580580580659e+02,1.195108741059161339e+01,9.176648426135334375e+02,5.818835298662589594e+03
1.022377377377377456e+02,1.191281172592097448e+01,9.124119647866880314e+02,5.763106303874073092e+03
1.024174174174174254e+02,1.187463270797596238e+01,9.071945366686821899e+02,5.707873669322074420e+03
1.025970970970971052e+02,1.183654980398807943e+01,9.020122441757155229e+02,5.653132771304066409e+03
1.027767767767767850e+02,1.179856246491134542e+01,8.968647764944226992e+02,5.598879035775176817e+03
1.029564564564564648e+02,1.176067014538934608e+01,8.917518260419014950e+02,5.545107937731913808e+03
1.031361361361361446e+02,1.172287230372266364e+01,8.866730884262975678e+02,5.491815000604573470e+03
1.033158158158158244e+02,1.168516840183662175e+01,8.816282624079385641e+02,5.438995795658152929e+03
1.034954954954955042e+02,1.164755790524937140e+01,8.766170498610021014e+02,5.386645941401648997e+03
1.036751751751751698e+02,1.161004028304030378e+01,8.716391557357177362e+02,5.334761103005605037e+03
1.038548548548548496e+02,1.157261500781878638e+01,8.666942880210879139e+02,5.283336991727769600e+03
1.040345345345345294e+02,1.153528155569323488e+01,8.617821577081259647e+02,5.232369364346787734e+03
1.042142142142142092e+02,1.149803940624048693e+01,8.569024787535963696e+02,5.181854022603714839e+03
1.043938938938938890e+02,1.146088804247549930e+01,8.520549680442537692e+02,5.131786812651311266e+03
1.045735735735735688e+02,1.142382695082135058e+01,8.472393453615741237e+02,5.082163624510942100e+03
1.047532532532532485e+02,1.138685562107955107e+01,8.424553333469661993e+02,5.032980391537007563e+03
1.049329329329329283e+02,1.134997354640066725e+01,8.377026574674581525e+02,4.984233089888736686e+03
1.051126126126126081e+02,1.131318022325522321e+01,8.329810459818548907e+02,4.935917738009298773e+03
1.052922922922922879e+02,1.127647515140491841e+01,8.282902299073539325e+02,4.888030396112050767e+03
1.054719719719719677e+02,1.123985783387412773e+01,8.236299429866136279e+02,4.840567165673835007e+03
1.056516516516516475e+02,1.120332777692169124e+01,8.189999216552711232e+02,4.793524188935256461e+03
1.058313313313313273e+02,1.116688449001298977e+01,8.143999050098984753e+02,4.746897648407762063e+03
1.060110110110110071e+02,1.113052748579231022e+01,8.098296347763933909e+02,4.700683766387491232e+03
1.061906906906906869e+02,1.109425628005546471e+01,8.052888552787931076e+02,4.654878804475716606e+03
1.063703703703703667e+02,1.105807039172272432e+01,8.007773134085142601e+02,4.609479063105868590e+03
1.065500500500500465e+02,1.102196934281199248e+01,7.962947585940006547e+02,4.564480881076932747e+03
1.067297297297297263e+02,1.098595265841225022e+01,7.918409427707813393e+02,4.519880635093225465e+03
1.069094094094094061e+02,1.095001986665728921e+01,7.874156203519308974e+02,4.475674739310378754e+03
1.070890890890890859e+02,1.091417049869968281e+01,7.830185481989240088e+02,4.431859644887490504e+03
1.072687687687687657e+02,1.087840408868502884e+01,7.786494855928771130e+02,4.388431839545284674e+03
1.074484484484484454e+02,1.084272017372644648e+01,7.743081942061785412e+02,4.345387847130287810e+03
1.076281281281281252e+02,1.080711829387932532e+01,7.699944380744919954e+02,4.302724227184808115e+03
1.078078078078078050e+02,1.077159799211632496e+01,7.657079835691340577e+02,4.260437574522737123e+03
1.079874874874874848e+02,1.073615881430262675e+01,7.614485993698178845e+02,4.218524518811030248e+03
1.081671671671671646e+02,1.070080030917142366e+01,7.572160564377576293e+02,4.176981724156780729e+03
1.083468468468468444e+02,1.066552202829964813e+01,7.530101279891302966e+02,4.135805888699846946e+03
1.085265265265265242e+02,1.063032352608395925e+01,7.488305894688844546e+02,4.094993744210873047e+03
1.087062062062062040e+02,1.059520435971693431e+01,7.446772185248971709e+02,4.054542055694708324e+03
1.088858858858858838e+02,1.056016408916352844e+01,7.405497949824707575e+02,4.014447620999086666e+03
1.090655655655655636e+02,1.052520227713773515e+01,7.364481008191620504e+02,3.974707270428498759e+03
1.092452452452452434e+02,1.049031848907949005e+01,7.323719201399445637e+02,3.935317866363194753e+03
1.094249249249249232e+02,1.045551229313180563e+01,7.283210391526945386e+02,3.896276302883231892e+03
1.096046046046046030e+02,1.042078326011810852e+01,7.242952461439974741e+02,3.857579505397492994e+03
1.097842842842842828e+02,1.038613096351981824e+01,7.202943314552707079e+02,3.819224430277593910e+03
1.099639639639639626e+02,1.035155497945412861e+01,7.163180874591953398e+02,3.781208064496616771e+03
1.101436436436436423e+02,1.031705488665201642e+01,7.123663085364576091e+02,3.743527425272603978e+03
1.103233233233233221e+02,1.028263026643644729e+01,7.084387910527897247e+02,3.706179559716729273e+03
1.105030030030030019e+02,1.024828070270081248e+01,7.045353333363095771e+02,3.669161544486079492e+03
1.106826826826826817e+02,1.021400578188755581e+01,7.006557356551521707e+02,3.632470485440989250e+03
1.108623623623623615e+02,1.017980509296701186e+01,6.967998001953930043e+02,3.596103517306848516e+03
1.110420420420420413e+02,1.014567822741644854e+01,6.929673310392523717e+02,3.560057803340323517e+03
1.112217217217217211e+02,1.011162477919931746e+01,6.891581341435828563e+02,3.524330534999935480e+03
1.114014014014014009e+02,1.007764434474468551e+01,6.853720173186322882e+02,3.488918931620903095e+03
1.115810810810810807e+02,1.004373652292687780e+01,6.816087902070814835e+02,3.453820240094247765e+03
1.117607607607607605e+02,1.000990091504530888e+01,6.778682642633447131e+02,3.419031734550002511e+03
1.119404404404404403e+02,9.976137124804507650e+00,6.741502527331423380e+02,3.384550716044577712e+03
1.121201201201201201e+02,9.942444758294335827e+00,6.704545706333299222e+02,3.350374512252137720e+03
1.122997997997997999e+02,9.908823423970376965e+00,6.667810347319843913e+02,3.316500477159955608e+03
1.124794794794794797e+02,9.875272732634536865e+00,6.631294635287455321e+02,3.282925990767715575e+03
1.126591591591591595e+02,9.841792297415805635e+00,6.594996772354058976e+02,3.249648458790662517e+03
1.128388388388388393e+02,9.808381733751215137e+00,6.558914977567472988e+02,3.216665312366576018e+03
1.130185185185185190e+02,9.775040659366966977e+00,6.523047486716212688e+02,3.183974007766495106e+03
1.131981981981981988e+02,9.741768694259741679e+00,6.487392552142656541e+02,3.151572026109147373e+03
1.133778778778778786e+02,9.708565460678181935e+00,6.451948442558607439e+02,3.119456873079034267e+03
1.135575575575575584e+02,9.675430583104557059e+00,6.416713442863151613e+02,3.087626078648104340e+03
1.137372372372372382e+02,9.642363688236580188e+00,6.381685853962818555e+02,3.056077196800975344e+03
1.139169169169169180e+02,9.609364404969415574e+00,6.346863992594002184e+02,3.024807805263657883e+03
1.140965965965965978e+02,9.576432364377843953e+00,6.312246191147614809e+02,2.993815505235721957e+03
1.142762762762762776e+02,9.543567199698593129e+00,6.277830797495912520e+02,2.963097921125848643e+03
1.144559559559559574e+02,9.510768546312830196e+00,6.243616174821512459e+02,2.932652700290746907e+03
1.146356356356356372e+02,9.478036041728826078e+00,6.209600701448534892e+02,2.902477512777362790e+03
1.148153153153153170e+02,9.445369325564779928e+00,6.175782770675842812e+02,2.872570051068338216e+03
1.149949949949949968e+02,9.412768039531774988e+00,6.142160790612351775e+02,2.842928029830677588e+03
1.151746746746746766e+02,9.380231827416942281e+00,6.108733184014421340e+02,2.813549185667594429e+03
1.153543543543543564e+02,9.347760335066720216e+00,6.075498388125204201e+02,2.784431276873441220e+03
1.155340340340340362e+02,9.315353210370327375e+00,6.042454854516043952e+02,2.755572083191755610e+03
1.157137137137137159e+02,9.283010103243325872e+00,6.009601048929774834e+02,2.726969405576284771e+03
1.158933933933933957e+02,9.250730665611403225e+00,5.976935451126014414e+02,2.698621065955055201e+03
1.160730730730730755e+02,9.218514551394223489e+00,5.944456554728309357e+02,2.670524906997332437e+03
1.162527527527527553e+02,9.186361416489511100e+00,5.912162867073205916e+02,2.642678791883531630e+03
1.164324324324324351e+02,9.154270918757195119e+00,5.880052909061125774e+02,2.615080604077951648e+03
1.166121121121121149e+02,9.122242718003780837e+00,5.848125215009129079e+02,2.587728247104375896e+03
1.167917917917917947e+02,9.090276475966774683e+00,5.816378332505416893e+02,2.560619644324404362e+03
1.169714714714714745e+02,9.058371856299345382e+00,5.784810822265669685e+02,2.533752738718585988e+03
1.171511511511511543e+02,9.026528524555027744e+00,5.753421257991079756e+02,2.507125492670205858e+03
1.173308308308308341e+02,8.994746148172657385e+00,5.722208226228187868e+02,2.480735887751799510e+03
1.175105105105105139e+02,8.963024396461349852e+00,5.691170326230338787e+02,2.454581924514232469e+03
1.176901901901901937e+02,8.931362940585705346e+00,5.660306169820886453e+02,2.428661622278436425e+03
1.178698698698698735e+02,8.899761453551057855e+00,5.629614381258018057e+02,2.402973018929662885e+03
1.180495495495495533e+02,8.868219610188941004e+00,5.599093597101255000e+02,2.377514170714295233e+03
1.182292292292292331e+02,8.836737087142603642e+00,5.568742466079498854e+02,2.352283152039105516e+03
1.184089089089089128e+02,8.805313562852731479e+00,5.538559648960757613e+02,2.327278055273030532e+03
1.185885885885885926e+02,8.773948717543222031e+00,5.508543818423354423e+02,2.302496990551293038e+03
1.187682682682682724e+02,8.742642233207154945e+00,5.478693658928759760e+02,2.277938085581987707e+03
1.189479479479479522e+02,8.711393793592822732e+00,5.449007866595883343e+02,2.253599485454954902e+03
1.191276276276276320e+02,8.680203084189949791e+00,5.419485149076945163e+02,2.229479352453037336e+03
1.193073073073073118e+02,8.649069792215971830e+00,5.390124225434750542e+02,2.205575865865570449e+03
1.194869869869869916e+02,8.617993606602473378e+00,5.360923826021498826e+02,2.181887221804178353e+03
1.196666666666666714e+02,8.586974217981753199e+00,5.331882692359024531e+02,2.158411633020792124e+03
1.198463463463463512e+02,8.556011318673462540e+00,5.302999577020412971e+02,2.135147328727828153e+03
1.200260260260260310e+02,8.525104602671417453e+00,5.274273243513117677e+02,2.112092554420600209e+03
1.202057057057057108e+02,8.494253765630466191e+00,5.245702466163360214e+02,2.089245571701799690e+03
1.203853853853853906e+02,8.463458504853543118e+00,5.217286030001996551e+02,2.066604658108155036e+03
1.205650650650650704e+02,8.432718519278754599e+00,5.189022730651652182e+02,2.044168106939110430e+03
1.207447447447447502e+02,8.402033509466662053e+00,5.160911374215262413e+02,2.021934227087616819e+03
1.209244244244244300e+02,8.371403177587584565e+00,5.132950777165865475e+02,1.999901342872892656e+03
1.211041041041041098e+02,8.340827227409112865e+00,5.105139766237753065e+02,1.978067793875236021e+03
1.212837837837837895e+02,8.310305364283628649e+00,5.077477178318829942e+02,1.956431934772758495e+03
1.214634634634634693e+02,8.279837295136024622e+00,5.049961860344322986e+02,1.934992135180114019e+03
1.216431431431431491e+02,8.249422728451451192e+00,5.022592669191650998e+02,1.913746779489097207e+03
1.218228228228228289e+02,8.219061374263240793e+00,4.995368471576599063e+02,1.892694266711182991e+03
1.220025025025025087e+02,8.188752944140864187e+00,4.968288143950632048e+02,1.871833010321884558e+03
1.221821821821821885e+02,8.158497151178062623e+00,4.941350572399494467e+02,1.851161438107011918e+03
1.223618618618618683e+02,8.128293709981015525e+00,4.914554652542897770e+02,1.830677992010683511e+03
1.225415415415415481e+02,8.098142336656669826e+00,4.887899289435451351e+02,1.810381127985194780e+03
1.227212212212212279e+02,8.068042748801103059e+00,4.861383397468690077e+02,1.790269315842606602e+03
1.229009009009009077e+02,8.037994665488065849e+00,4.835005900274278474e+02,1.770341039108117002e+03
1.230805805805805875e+02,8.007997807257529743e+00,4.808765730628290953e+02,1.750594794875126809e+03
1.232602602602602673e+02,7.978051896104428664e+00,4.782661830356652786e+02,1.731029093662033119e+03
1.234399399399399471e+02,7.948156655467400356e+00,4.756693150241618468e+02,1.711642459270675090e+03
1.236196196196196269e+02,7.918311810217717905e+00,4.730858649929369903e+02,1.692433428646462517e+03
1.237992992992993067e+02,7.888517086648223042e+00,4.705157297838629802e+02,1.673400551740102856e+03
1.239789789789789864e+02,7.858772212462435292e+00,4.679588071070394335e+02,1.654542391370986707e+03
1.241586586586586662e+02,7.829076916763678007e+00,4.654149955318617344e+02,1.635857523092113752e+03
1.243383383383383460e+02,7.799430930044372268e+00,4.628841944781988218e+02,1.617344535056635550e+03
1.245180180180180258e+02,7.769833984175337882e+00,4.603663042076672127e+02,1.599002027885910366e+03
1.246976976976977056e+02,7.740285812395268472e+00,4.578612258150072876e+02,1.580828614539116415e+03
1.248773773773773854e+02,7.710786149300212777e+00,4.553688612195548444e+02,1.562822920184346913e+03
1.250570570570570652e+02,7.681334730833222935e+00,4.528891131568145170e+02,1.544983582071225101e+03
1.252367367367367450e+02,7.651931294274009865e+00,4.504218851701220387e+02,1.527309249404953789e+03
1.254164164164164248e+02,7.622575578228760307e+00,4.479670816024083706e+02,1.509798583221854187e+03
1.255960960960961046e+02,7.593267322619973392e+00,4.455246075880505146e+02,1.492450256266297174e+03
1.257757757757757844e+02,7.564006268676433109e+00,4.430943690448198709e+02,1.475262952869085666e+03
1.259554554554554642e+02,7.534792158923216299e+00,4.406762726659164855e+02,1.458235368827195089e+03
1.261351351351351440e+02,7.505624737171836536e+00,4.382702259120976009e+02,1.441366211284926521e+03
1.263148148148148238e+02,7.476503748510407554e+00,4.358761370038905056e+02,1.424654198616384065e+03
1.264944944944944893e+02,7.447428939293952332e+00,4.334939149138970151e+02,1.408098060309323955e+03
1.266741741741741691e+02,7.418400057134729941e+00,4.311234693591801488e+02,1.391696536850302891e+03
1.268538538538538489e+02,7.389416850892680522e+00,4.287647107937380611e+02,1.375448379611145810e+03
1.270335335335335287e+02,7.360479070665959078e+00,4.264175504010636928e+02,1.359352350736709923e+03
1.272132132132132085e+02,7.331586467781489702e+00,4.240819000867830368e+02,1.343407223033897935e+03
1.273928928928928883e+02,7.302738794785650356e+00,4.217576724713791805e+02,1.327611779861953210e+03
1.275725725725725681e+02,7.273935805435029600e+00,4.194447808829970086e+02,1.311964815023988649e+03
1.277522522522522479e+02,7.245177254687208190e+00,4.171431393503240770e+02,1.296465132659723622e+03
1.279319319319319277e+02,7.216462898691692551e+00,4.148526625955557847e+02,1.281111547139458935e+03
1.281116116116116075e+02,7.187792494780840258e+00,4.125732660274335899e+02,1.265902882959215503e+03
1.282912912912912873e+02,7.159165801460933842e+00,4.103048657343634318e+02,1.250837974637078787e+03
1.284709709709709671e+02,7.130582578403255489e+00,4.080473784776078219e+02,1.235915666610678727e+03
1.286506506506506469e+02,7.102042586435303839e+00,4.058007216845548442e+02,1.221134813135846116e+03
1.288303303303303267e+02,7.073545587532010792e+00,4.035648134420588349e+02,1.206494278186376505e+03
1.290100100100100065e+02,7.045091344807097755e+00,4.013395724898567209e+02,1.191992935354935753e+03
1.291896896896896862e+02,7.016679622504429226e+00,3.991249182140540483e+02,1.177629667755049923e+03
1.293693693693693660e+02,6.988310185989511147e+00,3.969207706406843954e+02,1.163403367924207714e+03
1.295490490490490458e+02,6.959982801740978609e+00,3.947270504293364866e+02,1.149312937728015186e+03
1.297287287287287256e+02,6.931697237342231865e+00,3.925436788668552026e+02,1.135357288265443913e+03
1.299084084084084054e+02,6.903453261473051938e+00,3.903705778611044366e+02,1.121535339775094371e+03
1.300880880880880852e+02,6.875250643901368974e+00,3.882076699348060060e+02,1.107846021542532753e+03
1.302677677677677650e+02,6.847089155475020839e+00,3.860548782194364890e+02,1.094288271808613672e+03
1.304474474474474448e+02,6.818968568113633388e+00,3.839121264491986949e+02,1.080861037678851744e+03
1.306271271271271246e+02,6.790888654800519397e+00,3.817793389550510028e+02,1.067563275033755644e+03
1.308068068068068044e+02,6.762849189574685838e+00,3.796564406588071279e+02,1.054393948440178292e+03
1.309864864864864842e+02,6.734849947522848268e+00,3.775433570672938686e+02,1.041352031063611776e+03
1.311661661661661640e+02,6.706890704771576672e+00,3.754400142665780891e+02,1.028436504581473173e+03
1.313458458458458438e+02,6.678971238479422645e+00,3.733463389162481008e+02,1.015646359097304753e+03
1.315255255255255236e+02,6.651091326829192241e+00,3.712622582437642791e+02,1.002980593055948248e+03
1.317052052052052034e+02,6.623250749020193062e+00,3.691877000388630563e+02,9.904382131596080399e+02
1.318848848848848831e+02,6.595449285260624350e+00,3.671225926480267958e+02,9.780182342848623875e+02
1.320645645645645629e+02,6.567686716759951970e+00,3.650668649690068150e+02,9.657196794005420770e+02
1.322442442442442427e+02,6.539962825721400641e+00,3.630204464454106983e+02,9.535415794865348289e+02
1.324239239239239225e+02,6.512277395334455043e+00,3.609832670613416212e+02,9.414829734534367844e+02
1.326036036036036023e+02,6.484630209767470177e+00,3.589552573360988958e+02,9.295429080631040506e+02
1.327832832832832821e+02,6.457021054160279050e+00,3.569363483189312092e+02,9.177204378500312032e+02
1.329629629629629619e+02,6.429449714616917610e+00,3.549264715838491497e+02,9.060146250436072251e+02
1.331426426426426417e+02,6.401915978198347013e+00,3.529255592244878130e+02,8.944245394911816902e+02
1.333223223223223215e+02,6.374419632915285128e+00,3.509335438490280126e+02,8.829492585819814394e+02
1.335020020020020013e+02,6.346960467721042498e+00,3.489503585751680248e+02,8.715878671718201076e+02
1.336816816816816811e+02,6.319538272504461318e+00,3.469759370251497899e+02,8.603394575086381337e+02
1.338613613613613609e+02,6.292152838082854416e+00,3.450102133208352484e+02,8.492031291588135673e+02
1.340410410410410407e+02,6.264803956195057921e+00,3.430531220788375322e+02,8.381779889342871002e+02
1.342207207207207205e+02,6.237491419494471501e+00,3.411045984056990505e+02,8.272631508204343618e+02
1.344004004004004003e+02,6.210215021542213165e+00,3.391645778931233508e+02,8.164577359047341361e+02
1.345800800800800801e+02,6.182974556800266086e+00,3.372329966132537606e+02,8.057608723061682667e+02
1.347597597597597598e+02,6.155769820624738209e+00,3.353097911140041560e+02,7.951716951053946332e+02
1.349394394394394396e+02,6.128600609259103216e+00,3.333948984144343513e+02,7.846893462756343069e+02
1.351191191191191194e+02,6.101466719827564944e+00,3.314882560001776142e+02,7.743129746143146122e+02
1.352987987987987992e+02,6.074367950328399601e+00,3.295898018189112690e+02,7.640417356754089724e+02
1.354784784784784790e+02,6.047304099627416107e+00,3.276994742758783445e+02,7.538747917025120842e+02
1.356581581581581588e+02,6.020274967451392456e+00,3.258172122294505471e+02,7.438113115625965293e+02
1.358378378378378386e+02,5.993280354381635533e+00,3.239429549867420519e+02,7.338504706804869784e+02
1.360175175175175184e+02,5.966320061847523171e+00,3.220766422992633125e+02,7.239914509739999176e+02
1.361971971971971982e+02,5.939393892120128804e+00,3.202182143586230154e+02,7.142334407897766368e+02
1.363768768768768780e+02,5.912501648305899415e+00,3.183676117922730100e+02,7.045756348397841293e+02
1.365565565565565578e+02,5.885643134340337923e+00,3.165247756592949031e+02,6.950172341384667334e+02
1.367362362362362376e+02,5.858818154981788595e+00,3.146896474462329820e+02,6.855574459405700054e+02
1.369159159159159174e+02,5.832026515805208255e+00,3.128621690629653926e+02,6.761954836795908932e+02
1.370955955955955972e+02,5.805268023196041405e+00,3.110422828386219862e+02,6.669305669068846782e+02
1.372752752752752770e+02,5.778542484344078467e+00,3.092299315175379775e+02,6.577619212313837807e+02
1.374549549549549567e+02,5.751849707237425946e+00,3.074250582552544984e+02,6.486887782599592356e+02
1.376346346346346365e+02,5.725189500656442831e+00,3.056276066145539403e+02,6.397103755383767520e+02
1.378143143143143163e+02,5.698561674167804902e+00,3.038375205615398613e+02,6.308259564928799819e+02
1.379939939939939961e+02,5.671966038118525510e+00,3.020547444617524775e+02,6.220347703723563200e+02
1.381736736736736759e+02,5.645402403630099819e+00,3.002792230763266730e+02,6.133360721911133169e+02
1.383533533533533557e+02,5.618870582592619733e+00,2.985109015581851395e+02,6.047291226722232977e+02
1.385330330330330355e+02,5.592370387658990971e+00,2.967497254482726134e+02,5.962131881914651785e+02
1.387127127127127153e+02,5.565901632239136809e+00,2.949956406718247877e+02,5.877875407218207329e+02
1.388923923923923951e+02,5.539464130494295979e+00,2.932485935346775818e+02,5.794514577785525944e+02
1.390720720720720749e+02,5.513057697331308127e+00,2.915085307196094959e+02,5.712042223648240906e+02
1.392517517517517547e+02,5.486682148396988090e+00,2.897753992827240381e+02,5.630451229178881931e+02
1.394314314314314345e+02,5.460337300072495736e+00,2.880491466498640420e+02,5.549734532558024966e+02
1.396111111111111143e+02,5.434022969467784847e+00,2.863297206130655468e+02,5.469885125247034239e+02
1.397907907907907941e+02,5.407738974416056443e+00,2.846170693270425431e+02,5.390896051465914525e+02
1.399704704704704739e+02,5.381485133468279614e+00,2.829111413057101458e+02,5.312760407676616978e+02
1.401501501501501536e+02,5.355261265887717670e+00,2.812118854187381203e+02,5.235471342071358549e+02
1.403298298298298334e+02,5.329067191644541346e+00,2.795192508881423237e+02,5.159022054066240344e+02
1.405095095095095132e+02,5.302902731410409132e+00,2.778331872849051365e+02,5.083405793799789762e+02
1.406891891891891930e+02,5.276767706553167514e+00,2.761536445256330694e+02,5.008615861636640147e+02
1.408688688688688728e+02,5.250661939131505029e+00,2.744805728692428488e+02,4.934645607676031887e+02
1.410485485485485526e+02,5.224585251889715565e+00,2.728139229136839958e+02,4.861488431265356667e+02
1.412282282282282324e+02,5.198537468252435900e+00,2.711536455926890312e+02,4.789137780518376530e+02
1.414079079079079122e+02,5.172518412319477399e+00,2.694996921725589800e+02,4.717587151838365003e+02
1.415875875875875920e+02,5.146527908860626610e+00,2.678520142489757632e+02,4.646830089445812746e+02
1.417672672672672718e+02,5.120565783310556895e+00,2.662105637438503436e+02,4.576860184910987641e+02
1.419469469469469516e+02,5.094631861763697422e+00,2.645752929021958266e+02,4.507671076690887730e+02
1.421266266266266314e+02,5.068725970969205186e+00,2.629461542890355190e+02,4.439256449670950246e+02
1.423063063063063112e+02,5.042847938325913049e+00,2.613231007863361128e+02,4.371610034711081312e+02
1.424859859859859910e+02,5.016997591877359497e+00,2.597060855899749754e+02,4.304725608196304734e+02
1.426656656656656708e+02,4.991174760306812175e+00,2.580950622067306313e+02,4.238596991591610958e+02
1.428453453453453506e+02,4.965379272932358923e+00,2.564899844513083735e+02,4.173218051001363733e+02
1.430250250250250303e+02,4.939610959701995263e+00,2.548908064433875040e+02,4.108582696732772206e+02
1.432047047047047101e+02,4.913869651188786492e+00,2.532974826047026227e+02,4.044684882863812732e+02
1.433843843843843899e+02,4.888155178586012894e+00,2.517099676561475690e+02,3.981518606815157000e+02
1.435640640640640697e+02,4.862467373702400231e+00,2.501282166149103148e+02,3.919077908926389568e+02
1.437437437437437495e+02,4.836806068957326232e+00,2.485521847916320723e+02,3.857356872036197046e+02
1.439234234234234293e+02,4.811171097376112371e+00,2.469818277875953925e+02,3.796349621066696614e+02
1.441031031031031091e+02,4.785562292585294308e+00,2.454171014919363358e+02,3.736050322611667411e+02
1.442827827827827889e+02,4.759979488807974946e+00,2.438579620788853504e+02,3.676453184528832026e+02
1.444624624624624687e+02,4.734422520859152606e+00,2.423043660050306016e+02,3.617552455535916351e+02
1.446421421421421485e+02,4.708891224141138032e+00,2.407562700066102934e+02,3.559342424810705552e+02
1.448218218218218283e+02,4.683385434638942968e+00,2.392136310968268447e+02,3.501817421594765278e+02
1.450015015015015081e+02,4.657904988915748667e+00,2.376764065631888343e+02,3.444971814801058372e+02
1.451811811811811879e+02,4.632449724108363753e+00,2.361445539648748877e+02,3.388800012625176237e+02
1.453608608608608677e+02,4.607019477922730033e+00,2.346180311301234269e+02,3.333296462160305396e+02
1.455405405405405475e+02,4.581614088629473613e+00,2.330967961536469488e+02,3.278455649015846234e+02
1.457202202202202272e+02,4.556233395059433811e+00,2.315808073940672784e+02,3.224272096939531593e+02
1.458998998998999070e+02,4.530877236599283542e+00,2.300700234713781356e+02,3.170740367443219156e+02
1.460795795795795868e+02,4.505545453187115079e+00,2.285644032644268862e+02,3.117855059432060898e+02
1.462592592592592666e+02,4.480237885308111068e+00,2.270639059084227824e+02,3.065610808837260493e+02
1.464389389389389464e+02,4.454954373990189787e+00,2.255684907924645302e+02,3.014002288252144695e+02
1.466186186186186262e+02,4.429694760799727682e+00,2.240781175570936341e+02,2.963024206571725472e+02
1.467982982982983060e+02,4.404458887837257031e+00,2.225927460918661325e+02,2.912671308635498804e+02
1.469779779779779858e+02,4.379246597733244428e+00,2.211123365329499109e+02,2.862938374873659768e+02
1.471576576576576656e+02,4.354057733643837302e+00,2.196368492607400640e+02,2.813820220956473008e+02
1.473373373373373454e+02,4.328892139246697468e+00,2.181662448974990696e+02,2.765311697446987864e+02
1.475170170170170252e+02,4.303749658736797379e+00,2.167004843050147258e+02,2.717407689456824755e+02
1.476966966966967050e+02,4.278630136822308749e+00,2.152395285822816788e+02,2.670103116305228355e+02
1.478763763763763848e+02,4.253533418720441439e+00,2.137833390632016233e+02,2.623392931181140852e+02
1.480560560560560646e+02,4.228459350153386254e+00,2.123318773143055012e+02,2.577272120808431737e+02
1.482357357357357444e+02,4.203407777344208895e+00,2.108851051324936350e+02,2.531735705114101620e+02
1.484154154154154241e+02,4.178378547012833621e+00,2.094429845427989960e+02,2.486778736899576074e+02
1.485950950950951039e+02,4.153371506371986932e+00,2.080054777961661046e+02,2.442396301514869776e+02
1.487747747747747837e+02,4.128386503123233631e+00,2.065725473672534349e+02,2.398583516535797457e+02
1.489544544544544635e+02,4.103423385452965810e+00,2.051441559522516798e+02,2.355335531443993204e+02
1.491341341341341433e+02,4.078482002028483322e+00,2.037202664667233876e+02,2.312647527309870554e+02
1.493138138138138231e+02,4.053562201994036052e+00,2.023008420434594825e+02,2.270514716478362516e+02
1.494934934934935029e+02,4.028663834966945245e+00,2.008858460303565039e+02,2.228932342257519679e+02
1.496731731731731827e+02,4.003786751033691083e+00,1.994752419883094205e+02,2.187895678609807817e+02
1.498528528528528625e+02,3.978930800746081520e+00,1.980689936891255911e+02,2.147400029846229188e+02
1.500325325325325423e+02,3.954095835117388269e+00,1.966670651134536456e+02,2.107440730323051241e+02
1.502122122122122221e+02,3.929281705618553833e+00,1.952694204487328591e+02,2.068013144141304451e+02
1.503918918918919019e+02,3.904488264174372780e+00,1.938760240871576741e+02,2.029112664848834129e+02
1.505715715715715817e+02,3.879715363159746744e+00,1.924868406236612941e+02,1.990734715145041775e+02
1.507512512512512615e+02,3.854962855395904331e+00,1.911018348539149656e+02,1.952874746588130392e+02
1.509309309309309413e+02,3.830230594146699641e+00,1.897209717723453366e+02,1.915528239304970555e+02
1.511106106106106211e+02,3.805518433114876142e+00,1.883442165701675037e+02,1.878690701703421269e+02
1.512902902902903008e+02,3.780826226438407378e+00,1.869715346334354820e+02,1.842357670187200824e+02
1.514699699699699806e+02,3.756153828686798146e+00,1.856028915411078799e+02,1.806524708873155305e+02
1.516496496496496604e+02,3.731501094857472278e+00,1.842382530631311681e+02,1.771187409311024226e+02
1.518293293293293402e+02,3.706867880372111124e+00,1.828775851585369594e+02,1.736341390205540733e+02
1.520090090090090200e+02,3.682254041073079520e+00,1.815208539735574789e+02,1.701982297140976073e+02
1.521886886886886998e+02,3.657659433219808687e+00,1.801680258397535397e+02,1.668105802307957219e+02
1.523683683683683796e+02,3.633083913485259941e+00,1.788190672721611634e+02,1.634707604232675351e+02
1.525480480480480594e+02,3.608527338952344898e+00,1.774739449674503931e+02,1.601783427508315185e+02
1.527277277277277392e+02,3.583989567110430041e+00,1.761326258021019271e+02,1.569329022528817745e+02
1.529074074074074190e+02,3.559470455851794668e+00,1.747950768305955762e+02,1.537340165224808004e+02
1.530870870870870988e+02,3.534969863468172324e+00,1.734612652836167399e+02,1.505812656801805645e+02
1.532667667667667786e+02,3.510487648647248715e+00,1.721311585662736547e+02,1.474742323480546702e+02
1.534464464464464584e+02,3.486023670469237334e+00,1.708047242563331167e+02,1.444125016239540003e+02
1.536261261261261382e+02,3.461577788403414679e+00,1.694819301024659808e+02,1.413956610559675084e+02
1.538058058058058180e+02,3.437149862304734516e+00,1.681627440225107648e+02,1.384233006171017166e+02
1.539854854854854977e+02,3.412739752410402172e+00,1.668471341017475993e+02,1.354950126801613237e+02
1.541651651651651775e+02,3.388347319336503904e+00,1.655350685911880930e+02,1.326103919928401353e+02
1.543448448448448573e+02,3.363972424074654466e+00,1.642265159058783297e+02,1.297690356530148392e+02
1.545245245245245371e+02,3.339614927988625137e+00,1.629214446232137732e+02,1.269705430842358851e+02
1.547042042042042169e+02,3.315274692811044144e+00,1.616198234812697478e+02,1.242145160114225320e+02
1.548838838838838967e+02,3.290951580640055774e+00,1.603216213771419802e+02,1.215005584367475535e+02
1.550635635635635765e+02,3.266645453936052323e+00,1.590268073653034264e+02,1.188282766157223449e+02
1.552432432432432563e+02,3.242356175518369188e+00,1.577353506559703078e+02,1.161972790334665717e+02
1.554229229229229361e+02,3.218083608562049225e+00,1.564472206134838359e+02,1.136071763811730762e+02
1.556026026026026159e+02,3.193827616594571150e+00,1.551623867547016573e+02,1.110575815327540141e+02
1.557822822822822957e+02,3.169588063492644991e+00,1.538808187474041347e+02,1.085481095216768637e+02
1.559619619619619755e+02,3.145364813478972454e+00,1.526024864087098081e+02,1.060783775179768327e+02
1.561416416416416553e+02,3.121157731119077017e+00,1.513273597035061755e+02,1.036480048054557273e+02
1.563213213213213351e+02,3.096966681318094050e+00,1.500554087428889147e+02,1.012566127590520892e+02
1.565010010010010149e+02,3.072791529317629777e+00,1.487866037826159129e+02,9.890382482239340334e+01
1.566806806806806946e+02,3.048632140692586034e+00,1.475209152215699646e+02,9.658926648551593530e+01
1.568603603603603744e+02,3.024488381348049870e+00,1.462583136002354252e+02,9.431256526276138175e+01
1.570400400400400542e+02,3.000360117516142289e+00,1.449987695991838734e+02,9.207335067083791103e+01
1.572197197197197340e+02,2.976247215752944708e+00,1.437422540375730193e+02,8.987125420705314127e+01
1.573993993993994138e+02,2.952149542935376125e+00,1.424887378716545072e+02,8.770590932770778636e+01
1.575790790790790936e+02,2.928066966258143555e+00,1.412381921932946227e+02,8.557695142665698995e+01
1.577587587587587734e+02,2.903999353230653835e+00,1.399905882285035830e+02,8.348401781402812105e+01
1.579384384384384532e+02,2.879946571673992040e+00,1.387458973359777872e+02,8.142674769510253441e+01
1.581181181181181330e+02,2.855908489717856824e+00,1.375040910056499683e+02,7.940478214934979917e+01
1.582977977977978128e+02,2.831884975797572590e+00,1.362651408572523621e+02,7.741776410962175703e+01
1.584774774774774926e+02,2.807875898651050139e+00,1.350290186388870950e+02,7.546533834149509801e+01
1.586571571571571724e+02,2.783881127315823711e+00,1.337956962256100724e+02,7.354715142277035511e+01
1.588368368368368522e+02,2.759900531126043166e+00,1.325651456180209777e+02,7.166285172311536655e+01
1.590165165165165320e+02,2.735933979709534558e+00,1.313373389408670846e+02,6.981208938386096463e+01
1.591961961961962118e+02,2.711981342984820742e+00,1.301122484416530085e+02,6.799451629793801999e+01
1.593758758758758916e+02,2.688042491158205927e+00,1.288898464892635047e+02,6.620978608996297510e+01
1.595555555555555713e+02,2.664117294720824702e+00,1.276701055725922771e+02,6.445755409646048406e+01
1.597352352352352511e+02,2.640205624445750132e+00,1.264529982991836761e+02,6.273747734623131578e+01
1.599149149149149309e+02,2.616307351385069424e+00,1.252384973938801664e+02,6.104921454085403809e+01
1.600945945945946107e+02,2.592422346867015559e+00,1.240265756974820164e+02,5.939242603532769493e+01
1.602742742742742905e+02,2.568550482493068721e+00,1.228172061654132392e+02,5.776677381884546492e+01
1.604539539539539703e+02,2.544691630135113236e+00,1.216103618663989465e+02,5.617192149570534099e+01
1.606336336336336501e+02,2.520845661932560766e+00,1.204060159811488688e+02,5.460753426634842356e+01
1.608133133133133299e+02,2.497012450289533447e+00,1.192041418010522307e+02,5.307327890853093066e+01
1.609929929929929813e+02,2.473191867872015504e+00,1.180047127268787932e+02,5.156882375862085865e+01
1.611726726726726611e+02,2.449383787605030616e+00,1.168077022674890912e+02,5.009383869302238423e+01
1.613523523523523409e+02,2.425588082669866807e+00,1.156130840385548026e+02,4.864799510972703445e+01
1.615320320320320207e+02,2.401804626501243600e+00,1.144208317612837362e+02,4.723096590998371624e+01
1.617117117117117004e+02,2.378033292784557329e+00,1.132309192611565862e+02,4.584242548009459028e+01
1.618913913913913802e+02,2.354273955453082490e+00,1.120433204666685469e+02,4.448204967332694793e+01
1.620710710710710600e+02,2.330526488685235709e+00,1.108580094080816565e+02,4.314951579194699605e+01
1.622507507507507398e+02,2.306790766901797074e+00,1.096749602161820718e+02,4.184450256936685264e+01
1.624304304304304196e+02,2.283066664763197640e+00,1.084941471210480586e+02,4.056669015240989751e+01
1.626101101101100994e+02,2.259354057166760299e+00,1.073155444508222303e+02,3.931576008368646313e+01
1.627897897897897792e+02,2.235652819244009493e+00,1.061391266304948005e+02,3.809139528408488928e+01
1.629694694694694590e+02,2.211962826357931178e+00,1.049648681806906581e+02,3.689328003536954270e+01
1.631491491491491388e+02,2.188283954100304296e+00,1.037927437164669442e+02,3.572109996289118072e+01
1.633288288288288186e+02,2.164616078288981171e+00,1.026227279461150346e+02,3.457454201840174335e+01
1.635085085085084984e+02,2.140959074965236297e+00,1.014547956699720572e+02,3.345329446297778730e+01
1.636881881881881782e+02,2.117312820391070272e+00,1.002889217792368299e+02,3.235704685004581904e+01
1.638678678678678580e+02,2.093677191046574126e+00,9.912508125479547516e+01,3.128549000851327833e+01
1.640475475475475378e+02,2.070052063627255023e+00,9.796324916605099986e+01,3.023831602599846136e+01
1.642272272272272176e+02,2.046437315041418792e+00,9.680340066976198443e+01,2.921521823216298941e+01
1.644069069069068973e+02,2.022832822407512499e+00,9.564551100888580493e+01,2.821589118214076208e+01
1.645865865865865771e+02,1.999238463051528969e+00,9.448955551143048126e+01,2.724003064006635810e+01
1.647662662662662569e+02,1.975654114504364678e+00,9.333550958931043340e+01,2.628733356269699328e+01
1.649459459459459367e+02,1.952079654499241812e+00,9.218334873721126144e+01,2.535749808313136100e+01
1.651256256256256165e+02,1.928514960969086367e+00,9.103304853145782261e+01,2.445022349461910238e+01
1.653053053053052963e+02,1.904959912043965975e+00,8.988458462889164480e+01,2.356521023446446961e+01
1.654849849849849761e+02,1.881414386048484433e+00,8.873793276575106859e+01,2.270215986801793662e+01
1.656646646646646559e+02,1.857878261499238404e+00,8.759306875656034208e+01,2.186077507275899023e+01
1.658443443443443357e+02,1.834351417102227932e+00,8.644996849302199848e+01,2.104075962246466247e+01
1.660240240240240155e+02,1.810833731750328246e+00,8.530860794291724858e+01,2.024181837146615237e+01
1.662037037037036953e+02,1.787325084520718255e+00,8.416896314900989751e+01,1.946365723898873767e+01
1.663833833833833751e+02,1.763825354672368118e+00,8.303101022795812014e+01,1.870598319357713279e+01
1.665630630630630549e+02,1.740334421643482399e+00,8.189472536922920654e+01,1.796850423760144722e+01
1.667427427427427347e+02,1.716852165049004286e+00,8.076008483402254967e+01,1.725092939184609619e+01
1.669224224224224145e+02,1.693378464678074069e+00,7.962706495419503483e+01,1.655296868017669709e+01
1.671021021021020942e+02,1.669913200491547789e+00,7.849564213119440126e+01,1.587433311428729432e+01
1.672817817817817740e+02,1.646456252619470373e+00,7.736579283499536075e+01,1.521473467852322692e+01
1.674614614614614538e+02,1.623007501358609384e+00,7.623749360304313427e+01,1.457388631478156249e+01
1.676411411411411336e+02,1.599566827169943251e+00,7.511072103919941867e+01,1.395150190748488583e+01
1.678208208208208134e+02,1.576134110676208788e+00,7.398545181269605564e+01,1.334729626863004448e+01
1.680005005005004932e+02,1.552709232659402305e+00,7.286166265709073286e+01,1.276098512290784370e+01
1.681801801801801730e+02,1.529292074058341555e+00,7.173933036923018847e+01,1.219228509289524887e+01
1.683598598598598528e+02,1.505882515966180835e+00,7.061843180821529131e+01,1.164091368431607165e+01
1.685395395395395326e+02,1.482480439627986701e+00,6.949894389437359621e+01,1.110658927137178331e+01
1.687192192192192124e+02,1.459085726438264619e+00,6.838084360823354757e+01,1.058903108213845989e+01
1.688988988988988922e+02,1.435698257938547107e+00,6.726410798950580272e+01,1.008795918403131253e+01
1.690785785785785720e+02,1.412317915814936375e+00,6.614871413606644523e+01,9.603094469333196770e+00
1.692582582582582518e+02,1.388944581895701580e+00,6.503463920294677791e+01,9.134158640788191619e+00
1.694379379379379316e+02,1.365578138148837883e+00,6.392186040132529712e+01,8.680874197256979841e+00
1.696176176176176114e+02,1.342218466679660160e+00,6.281035499752496065e+01,8.242964419434546386e+00
1.697972972972972912e+02,1.318865449728406025e+00,6.170010031201474732e+01,7.820153355628334246e+00
1.699769769769769709e+02,1.295518969667808218e+00,6.059107371841369627e+01,7.412165807595194167e+00
1.701566566566566507e+02,1.272178909000724278e+00,5.948325264250084388e+01,7.018727316437393782e+00
1.703363363363363305e+02,1.248845150357719813e+00,5.837661456122689430e+01,6.639564148554844891e+00
1.705160160160160103e+02,1.225517576494706828e+00,5.727113700173178756e+01,6.274403281654165276e+00
1.706956956956956901e+02,1.202196070290537877e+00,5.616679754036364614e+01,5.922972390811722221e+00
1.708753753753753699e+02,1.178880514744655272e+00,5.506357380170373972e+01,5.584999834591287460e+00
1.710550550550550497e+02,1.155570792974695671e+00,5.396144345759249461e+01,5.260214641213494247e+00
1.712347347347347295e+02,1.132266788214149722e+00,5.286038422616136501e+01,4.948346494777622340e+00
1.714144144144144093e+02,1.108968383809975311e+00,5.176037387086575592e+01,4.649125721533097888e+00
1.715940940940940891e+02,1.085675463220268977e+00,5.066139019952357359e+01,4.362283276201048388e+00
1.717737737737737689e+02,1.062387910011886261e+00,4.956341106335460012e+01,4.087550728343489759e+00
1.719534534534534487e+02,1.039105607858124003e+00,4.846641435602545300e+01,3.824660248780350713e+00
1.721331331331331285e+02,1.015828440536349353e+00,4.737037801269525517e+01,3.573344596052026478e+00
1.723128128128128083e+02,9.925562919256911698e-01,4.627528000906671934e+01,3.333337102927597773e+00
1.724924924924924881e+02,9.692890460046776901e-01,4.518109836043768013e+01,3.104371662956500799e+00
1.726721721721721678e+02,9.460265868489353691e-01,4.408781112075802611e+01,2.886182717063712211e+00
1.728518518518518476e+02,9.227687986288367616e-01,4.299539638168700151e+01,2.678505240186318304e+00
1.730315315315315274e+02,8.995155656072059136e-01,4.190383227165556690e+01,2.481074727951447123e+00
1.732112112112112072e+02,8.762667721369746809e-01,4.081309695492912937e+01,2.293627183393579294e+00
1.733908908908908870e+02,8.530223026588958923e-01,3.972316863067522519e+01,2.115899103711080809e+00
1.735705705705705668e+02,8.297820416992072179e-01,3.863402553203130196e+01,1.947627467060091710e+00
1.737502502502502466e+02,8.065458738673507710e-01,3.754564592517741772e+01,1.788549719385549741e+00
1.739299299299299264e+02,7.833136838536454150e-01,3.645800810840890449e+01,1.638403761287549498e+00
1.741096096096096062e+02,7.600853564270126927e-01,3.537109041121367170e+01,1.496927934922764436e+00
1.742892892892892860e+02,7.368607764326552401e-01,3.428487119334958777e+01,1.363861010939209528e+00
1.744689689689689658e+02,7.136398287897902648e-01,3.319932884392613914e+01,1.238942175444005755e+00
1.746486486486486456e+02,6.904223984893332888e-01,3.211444178048611775e+01,1.121911017002501065e+00
1.748283283283283254e+02,6.672083705916385110e-01,3.103018844809151133e+01,1.012507513668350567e+00
1.750080080080080052e+02,6.439976302241882111e-01,2.994654731840914152e+01,9.104720200429872179e-01
1.751876876876876850e+02,6.207900625793388860e-01,2.886349688880056519e+01,8.155452543640179242e-01
1.753673673673673647e+02,5.975855529120158716e-01,2.778101568141137889e+01,7.274682856210574755e-01
1.755470470470470445e+02,5.743839865374650300e-01,2.669908224226482574e+01,6.459825206984720625e-01
1.757267267267267243e+02,5.511852488289532559e-01,2.561767514035459925e+01,5.708296915436141816e-01
1.759064064064064041e+02,5.279892252155237165e-01,2.453677296674182529e+01,5.017518423599687249e-01
1.760860860860860839e+02,5.047958011797021305e-01,2.345635433365106337e+01,4.384913168238512848e-01
1.762657657657657637e+02,4.816048622552566716e-01,2.237639787357046828e+01,3.807907453240331752e-01
1.764454454454454435e+02,4.584162940249078000e-01,2.129688223835074368e+01,3.283930322229908216e-01
1.766251251251251233e+02,4.352299821180928285e-01,2.021778609830813878e+01,2.810413431391035610e-01
1.768048048048048031e+02,4.120458122086801955e-01,1.913908814132616243e+01,2.384790922485619524e-01
1.769844844844844829e+02,3.888636700127374723e-01,1.806076707196111641e+01,2.004499296062559055e-01
1.771641641641641627e+02,3.656834412862488004e-01,1.698280161054633908e+01,1.666977284844625706e-01
1.773438438438438425e+02,3.425050118228869511e-01,1.590517049230001945e+01,1.369665727285620804e-01
1.775235235235235223e+02,3.193282674517340936e-01,1.482785246643166133e+01,1.110007441286442742e-01
1.777032032032032021e+02,2.961530940350563523e-01,1.375082629525197575e+01,8.854470980620095244e-02
1.778828828828828819e+02,2.729793774660278505e-01,1.267407075328127242e+01,6.934310961480794067e-02
1.780625625625625617e+02,2.498070036665078208e-01,1.159756462636121555e+01,5.314074355395777965e-02
1.782422422422422414e+02,2.266358585847672580e-01,1.052128671076486199e+01,3.968255919498442363e-02
1.784219219219219212e+02,2.034658281932682222e-01,9.445215812309973202e+00,2.871363911821301490e-02
1.786016016016016010e+02,1.802967984863957374e-01,8.369330745470689337e+00,1.997918836030802836e-02
1.787812812812812808e+02,1.571286554782230227e-01,7.293610332491337722e+00,1.322452187092131373e-02
1.789609609609609606e+02,1.339612852002776133e-01,6.218033402500832807e+00,8.195051977661908099e-03
1.791406406406406404e+02,1.107945736992753949e-01,5.142578790626009422e+00,4.636275858435087369e-03
1.793203203203203202e+02,8.762840703490457073e-02,4.067225337107701399e+00,2.293763020220647951e-03
1.795000000000000000e+02,6.446267127755755943e-02,2.991951886414731199e+00,9.131427833195109598e-04
# degrees
